Rk,Player,Pos,Age,Tm,G,GS,MP,FG,FGA,FG%,3P,3PA,3P%,2P,2PA,2P%,eFG%,FT,FTA,FT%,ORB,DRB,TRB,AST,STL,BLK,TOV,PF,PTS
1,Alex Abrines\abrinal01,SG,24,OKC,74,8,1122,114,290,.393,83,220,.377,31,70,.443,.536,37,44,.841,26,87,113,28,38,8,25,123,348
2,Quincy Acy\acyqu01,PF,27,BRK,68,8,1316,125,355,.352,99,285,.347,26,70,.371,.492,49,60,.817,38,209,247,56,30,28,59,145,398
3,Steven Adams\adamsst01,C,24,OKC,74,74,2419,436,694,.628,0,2,.000,436,692,.630,.628,153,276,.554,381,294,675,87,90,77,125,211,1025
4,Bam Adebayo\adebaba01,C,20,MIA,67,19,1337,169,333,.508,0,7,.000,169,326,.518,.508,123,173,.711,115,258,373,100,32,40,66,136,461
5,Arron Afflalo\afflaar01,SG,32,ORL,52,3,664,60,155,.387,25,66,.379,35,89,.393,.468,22,26,.846,4,62,66,29,4,9,21,54,167
6,Cole Aldrich\aldrico01,C,29,MIN,20,0,48,5,15,.333,0,0,,5,15,.333,.333,2,6,.333,3,11,14,2,2,1,1,11,12
7,LaMarcus Aldridge\aldrila01,C,32,SAS,73,73,2454,676,1316,.514,27,91,.297,649,1225,.530,.524,330,394,.838,239,377,616,150,42,88,110,159,1709
8,Jarrett Allen\allenja01,C,19,BRK,70,29,1394,226,387,.584,5,15,.333,221,372,.594,.590,112,145,.772,144,232,376,49,27,83,80,142,569
9,Kadeem Allen\allenka01,PG,25,BOS,16,1,80,2,14,.143,0,8,.000,2,6,.333,.143,3,4,.750,2,5,7,6,2,1,6,13,7
10,Tony Allen\allento01,SF,36,NOP,22,0,273,44,91,.484,4,12,.333,40,79,.506,.505,11,21,.524,20,27,47,9,11,3,19,49,103
11,Al-Farouq Aminu\aminual01,PF,27,POR,67,65,2008,225,565,.398,123,329,.374,102,236,.432,.507,59,80,.738,93,413,506,82,76,38,75,131,632
12,Justin Anderson\anderju01,SF,24,PHI,37,0,487,78,185,.422,29,91,.319,49,94,.521,.500,26,36,.722,22,65,87,24,14,6,14,53,211
13,Kyle Anderson\anderky01,SF,24,SAS,72,66,1935,225,427,.527,18,55,.327,207,372,.556,.548,99,139,.712,84,307,391,198,111,59,94,111,567
14,Ryan Anderson\anderry01,PF,29,HOU,66,50,1725,207,480,.431,131,339,.386,76,141,.539,.568,72,93,.774,94,237,331,60,24,21,42,126,617
15,Ike Anigbogu\anigbik01,C,19,IND,10,0,28,4,9,.444,0,0,,4,9,.444,.444,5,6,.833,5,4,9,0,1,3,2,1,13
16,Giannis Antetokounmpo\antetgi01,PF,23,MIL,74,74,2734,737,1388,.531,43,139,.309,694,1249,.556,.546,487,641,.760,155,588,743,358,109,106,218,229,2004
17,Carmelo Anthony\anthoca01,PF,33,OKC,76,76,2448,464,1147,.405,167,464,.360,297,683,.435,.477,145,190,.763,67,378,445,99,46,48,98,192,1240
18,OG Anunoby\anunoog01,SF,20,TOR,72,60,1443,158,337,.469,70,191,.366,88,146,.603,.573,39,62,.629,43,133,176,54,51,12,44,128,425
19,Ryan Arcidiacono\arcidry01,PG,23,CHI,22,0,256,12,31,.387,7,24,.292,5,7,.714,.500,5,6,.833,1,19,20,29,12,0,11,16,36
20,Trevor Ariza\arizatr01,SF,32,HOU,66,66,2238,265,639,.415,170,454,.374,95,185,.514,.548,76,89,.854,33,258,291,104,96,13,51,131,776
21,Darrell Arthur\arthuda01,PF,29,DEN,19,1,141,22,47,.468,8,23,.348,14,24,.583,.553,2,3,.667,3,12,15,9,8,3,15,22,54
22,Jamel Artis\artisja01,SG,25,ORL,13,1,238,30,69,.435,8,27,.296,22,42,.524,.493,6,10,.600,4,27,31,16,2,3,7,7,74
23,Omer Asik\asikom01,C,31,TOT,16,0,150,9,20,.450,0,0,,9,20,.450,.450,4,13,.308,7,35,42,3,2,2,7,18,22
23,Omer Asik\asikom01,C,31,NOP,14,0,121,7,16,.438,0,0,,7,16,.438,.438,4,12,.333,7,30,37,2,1,2,5,14,18
23,Omer Asik\asikom01,C,31,CHI,2,0,29,2,4,.500,0,0,,2,4,.500,.500,0,1,.000,0,5,5,1,1,0,2,4,4
24,D.J. Augustin\augusdj01,PG,30,ORL,73,34,1718,239,531,.450,111,267,.416,128,264,.485,.555,163,187,.872,30,129,159,277,53,0,116,92,752
25,Luke Babbitt\babbilu01,SF,28,TOT,50,14,715,91,215,.423,60,156,.385,31,59,.525,.563,17,22,.773,7,89,96,31,8,7,19,54,259
25,Luke Babbitt\babbilu01,SF,28,ATL,37,9,570,80,168,.476,49,111,.441,31,57,.544,.622,17,22,.773,5,76,81,26,7,5,15,47,226
25,Luke Babbitt\babbilu01,SF,28,MIA,13,5,145,11,47,.234,11,45,.244,0,2,.000,.351,0,0,,2,13,15,5,1,2,4,7,33
26,Dwayne Bacon\bacondw01,SG,22,CHO,53,6,713,72,192,.375,11,43,.256,61,149,.409,.404,20,25,.800,4,120,124,38,16,2,23,46,175
27,Ron Baker\bakerro01,SG,24,NYK,29,1,385,20,59,.339,11,33,.333,9,26,.346,.432,20,26,.769,5,25,30,47,26,6,18,33,71
28,Wade Baldwin\baldwwa01,PG,21,POR,6,0,68,12,18,.667,4,5,.800,8,13,.615,.778,5,9,.556,0,6,6,5,2,0,4,9,33
29,Lonzo Ball\balllo01,PG,20,LAL,52,50,1780,203,564,.360,90,295,.305,113,269,.420,.440,32,71,.451,69,291,360,376,88,43,136,117,528
30,J.J. Barea\bareajo01,PG,33,DAL,69,10,1603,303,690,.439,115,313,.367,188,377,.499,.522,80,102,.784,15,186,201,434,35,3,143,83,801
31,Harrison Barnes\barneha02,PF,25,DAL,77,77,2634,537,1208,.445,119,333,.357,418,875,.478,.494,259,313,.827,77,391,468,152,49,14,118,94,1452
32,Will Barton\bartowi01,SG,27,DEN,79,38,2601,448,991,.452,150,409,.367,298,582,.512,.528,176,217,.811,67,327,394,323,81,51,144,160,1222
33,Nicolas Batum\batumni01,SG,29,CHO,63,63,1960,265,641,.413,90,270,.333,175,371,.472,.484,106,128,.828,55,247,302,343,65,23,129,72,726
34,Jerryd Bayless\bayleje01,SG,29,PHI,39,11,925,109,262,.416,54,146,.370,55,116,.474,.519,35,44,.795,15,65,80,54,23,6,46,91,307
35,Aron Baynes\baynear01,C,31,BOS,79,65,1443,196,416,.471,2,18,.111,194,398,.487,.474,57,76,.750,116,297,413,91,20,50,78,196,451
36,Kent Bazemore\bazemke01,SG,28,ATL,65,65,1789,284,676,.420,108,274,.394,176,402,.438,.500,160,201,.796,25,223,248,228,100,45,157,147,836
37,Bradley Beal\bealbr01,SG,24,WAS,80,80,2902,673,1453,.463,195,516,.378,478,937,.510,.530,284,357,.796,60,294,354,365,96,36,209,153,1825
38,Malik Beasley\beaslma01,SG,21,DEN,62,0,583,73,178,.410,28,82,.341,45,96,.469,.489,22,33,.667,14,57,71,31,15,7,24,36,196
39,Michael Beasley\beaslmi01,PF,29,NYK,72,28,1605,396,783,.506,33,82,.402,363,701,.518,.527,119,152,.783,92,311,403,118,32,41,137,141,944
40,Marco Belinelli\belinma01,SG,31,TOT,78,1,1895,327,737,.444,141,374,.377,186,363,.512,.539,143,157,.911,19,124,143,143,63,11,92,87,938
40,Marco Belinelli\belinma01,SG,31,ATL,52,1,1210,199,484,.411,92,247,.372,107,237,.451,.506,101,109,.927,13,86,99,103,46,3,54,41,591
40,Marco Belinelli\belinma01,SG,31,PHI,26,0,685,128,253,.506,49,127,.386,79,126,.627,.603,42,48,.875,6,38,44,40,17,8,38,46,347
41,Jordan Bell\belljo01,C,23,GSW,56,13,796,115,183,.628,0,3,.000,115,180,.639,.628,30,44,.682,60,145,205,101,34,56,49,91,260
42,DeAndre' Bembry\bembrde01,SF,23,ATL,25,2,432,50,121,.413,11,30,.367,39,91,.429,.459,18,31,.581,8,60,68,42,16,12,45,36,129
43,Dragan Bender\bendedr01,PF,20,PHO,81,36,2032,182,478,.381,115,318,.362,67,160,.419,.501,37,48,.771,39,309,348,128,22,51,110,163,516
44,Davis Bertans\bertada01,PF,25,SAS,75,10,1068,158,360,.439,94,249,.378,64,111,.577,.569,40,49,.816,18,133,151,74,26,28,35,90,450
45,Patrick Beverley\beverpa01,SG,29,LAC,11,11,334,48,119,.403,24,60,.400,24,59,.407,.504,14,17,.824,16,29,45,32,18,5,25,34,134
46,Khem Birch\birchkh01,C,25,ORL,40,0,529,62,119,.521,0,0,,62,119,.521,.521,31,45,.689,66,96,162,33,13,19,19,54,155
47,Jabari Bird\birdja01,SG,23,BOS,11,0,83,12,19,.632,2,5,.400,10,14,.714,.684,3,9,.333,4,8,12,6,2,1,4,5,29
48,Bismack Biyombo\biyombi01,C,25,ORL,80,25,1466,174,341,.510,0,1,.000,174,340,.512,.510,100,154,.649,141,318,459,65,20,93,83,153,448
49,Nemanja Bjelica\bjeline01,PF,29,MIN,65,21,1340,170,364,.467,76,180,.422,94,184,.511,.571,36,45,.800,50,217,267,84,47,14,50,137,452
50,Tarik Black\blackta01,C,26,HOU,49,1,488,70,117,.598,0,9,.000,70,108,.648,.598,26,57,.456,61,87,148,12,21,28,33,100,166
51,Antonio Blakeney\blakean01,SG,21,CHI,19,0,314,53,143,.371,15,52,.288,38,91,.418,.423,30,39,.769,4,29,33,20,7,1,11,19,151
52,Eric Bledsoe\bledser01,PG,28,TOT,72,72,2276,459,970,.473,123,354,.347,336,616,.545,.537,246,312,.788,49,222,271,356,145,41,210,180,1287
52,Eric Bledsoe\bledser01,PG,28,PHO,3,3,83,16,40,.400,4,13,.308,12,27,.444,.450,11,14,.786,3,4,7,9,4,2,10,6,47
52,Eric Bledsoe\bledser01,PG,28,MIL,69,69,2193,443,930,.476,119,341,.349,324,589,.550,.540,235,298,.789,46,218,264,347,141,39,200,174,1240
53,Vander Blue\blueva01,SG,25,LAL,5,0,45,1,5,.200,0,2,.000,1,3,.333,.200,1,2,.500,0,1,1,3,1,0,3,2,3
54,Bogdan Bogdanovic\bogdabo01,SG,25,SAC,76,51,2119,338,752,.449,127,321,.396,211,431,.490,.534,100,119,.840,29,187,216,251,70,16,122,167,903
55,Bojan Bogdanovic\bogdabo02,SF,28,IND,80,80,2464,404,852,.474,155,386,.402,249,466,.534,.565,178,205,.868,30,240,270,119,55,8,106,129,1141
56,Andrew Bogut\bogutan01,C,33,LAL,23,5,216,17,25,.680,0,0,,17,25,.680,.680,2,2,1.000,26,52,78,15,4,13,19,40,36
57,Joel Bolomboy\bolomjo01,PF,24,MIL,6,0,38,3,6,.500,0,1,.000,3,5,.600,.500,3,6,.500,6,4,10,0,2,0,2,3,9
58,Devin Booker\bookede01,SG,21,PHO,54,54,1865,455,1054,.432,147,384,.383,308,670,.460,.501,289,329,.878,26,218,244,253,47,14,194,168,1346
59,Trevor Booker\booketr01,PF,30,TOT,67,6,1139,174,333,.523,8,31,.258,166,302,.550,.535,66,93,.710,114,201,315,81,28,21,59,120,422
59,Trevor Booker\booketr01,PF,30,BRK,18,6,395,77,150,.513,3,12,.250,74,138,.536,.523,24,43,.558,38,81,119,38,8,5,30,43,181
59,Trevor Booker\booketr01,PF,30,PHI,33,0,494,61,109,.560,2,7,.286,59,102,.578,.569,32,39,.821,47,75,122,27,16,11,20,51,156
59,Trevor Booker\booketr01,PF,30,IND,16,0,250,36,74,.486,3,12,.250,33,62,.532,.507,10,11,.909,29,45,74,16,4,5,9,26,85
60,Chris Boucher\bouchch01,PF,25,GSW,1,0,1,0,1,.000,0,1,.000,0,0,,.000,0,0,,0,1,1,0,0,0,0,0,0
61,Avery Bradley\bradlav01,SG,27,TOT,46,46,1433,259,625,.414,75,203,.369,184,422,.436,.474,63,82,.768,22,94,116,94,51,8,101,92,656
61,Avery Bradley\bradlav01,SG,27,DET,40,40,1268,233,570,.409,74,194,.381,159,376,.423,.474,61,80,.763,19,75,94,83,46,7,93,80,601
61,Avery Bradley\bradlav01,SG,27,LAC,6,6,165,26,55,.473,1,9,.111,25,46,.543,.482,2,2,1.000,3,19,22,11,5,1,8,12,55
62,Tony Bradley\bradlto01,C,20,UTA,9,0,29,3,11,.273,0,1,.000,3,10,.300,.273,2,2,1.000,4,7,11,1,0,0,0,1,8
63,Corey Brewer\breweco01,SF-SG,31,TOT,70,16,1144,133,298,.446,29,103,.282,104,195,.533,.495,62,86,.721,39,108,147,63,74,14,48,132,357
63,Corey Brewer\breweco01,SF,31,LAL,54,2,694,78,172,.453,8,43,.186,70,129,.543,.477,34,51,.667,23,70,93,41,41,8,38,83,198
63,Corey Brewer\breweco01,SG,31,OKC,16,14,450,55,126,.437,21,60,.350,34,66,.515,.520,28,35,.800,16,38,54,22,33,6,10,49,159
64,Malcolm Brogdon\brogdma01,PG,25,MIL,46,20,1404,238,489,.487,59,156,.378,179,333,.538,.547,75,85,.882,23,129,152,149,41,13,65,128,610
65,Aaron Brooks\brookaa01,PG,33,MIN,31,1,188,28,69,.406,11,31,.355,17,38,.447,.486,8,11,.727,7,10,17,20,6,0,10,28,75
66,Dillon Brooks\brookdi01,SF,22,MEM,80,72,2286,321,735,.437,91,255,.357,230,480,.479,.499,114,155,.735,47,199,246,130,69,17,119,229,847
67,MarShon Brooks\brookma01,SG,29,MEM,5,1,138,44,76,.579,16,26,.615,28,50,.560,.684,14,16,.875,7,10,17,18,7,3,8,3,118
68,Anthony Brown\brownan02,SF,25,MIN,1,0,4,1,1,1.000,1,1,1.000,0,0,,1.500,0,0,,0,0,0,1,0,0,0,0,3
69,Bobby Brown\brownbo02,PG,33,HOU,20,0,115,19,58,.328,11,40,.275,8,18,.444,.422,1,2,.500,0,7,7,11,4,0,9,6,50
70,Jaylen Brown\brownja02,SG,21,BOS,69,69,2120,365,785,.465,115,296,.389,250,489,.511,.538,145,227,.639,67,279,346,112,68,26,121,180,990
71,Lorenzo Brown\brownlo01,PG,27,TOR,13,0,114,9,25,.360,1,8,.125,8,17,.471,.380,2,2,1.000,0,10,10,12,4,0,2,5,21
72,Markel Brown\brownma02,SG,26,HOU,4,0,31,2,7,.286,1,5,.200,1,2,.500,.357,0,0,,1,4,5,2,0,0,2,6,5
73,Sterling Brown\brownst02,SG,22,MIL,52,4,742,80,194,.412,31,86,.360,49,108,.454,.492,21,24,.875,26,112,138,24,31,11,24,78,212
74,Nicolas Brussino\brussni01,SF,24,ATL,4,0,10,0,2,.000,0,2,.000,0,0,,.000,0,0,,0,3,3,0,0,0,0,0,0
75,Thomas Bryant\bryanth01,C,20,LAL,13,0,46,5,11,.455,1,5,.200,4,6,.667,.500,5,7,.714,2,8,10,4,0,0,1,2,16
76,Reggie Bullock\bullore01,SF,26,DET,62,52,1732,267,546,.489,125,281,.445,142,265,.536,.603,39,49,.796,27,127,154,95,47,13,47,70,698
77,Trey Burke\burketr01,PG,25,NYK,34,7,709,181,357,.507,34,93,.366,147,264,.557,.555,34,53,.642,13,53,66,153,21,4,38,41,430
78,Alec Burks\burksal01,SG,26,UTA,63,1,1047,169,408,.414,46,139,.331,123,269,.457,.471,107,124,.863,18,170,188,65,37,8,60,73,491
79,Jimmy Butler\butleji01,SG,28,MIN,57,57,2099,424,892,.475,69,195,.354,355,697,.509,.514,344,401,.858,75,232,307,280,112,23,104,75,1261
80,Dwight Buycks\buyckdw01,PG,28,DET,29,0,427,82,198,.414,15,45,.333,67,153,.438,.452,36,41,.878,12,29,41,59,19,2,39,39,215
81,Bruno Caboclo\cabocbr01,SF,22,TOT,11,0,99,9,30,.300,3,17,.176,6,13,.462,.350,5,6,.833,7,13,20,5,3,4,4,8,26
81,Bruno Caboclo\cabocbr01,SF,22,TOR,2,0,7,0,2,.000,0,2,.000,0,0,,.000,0,0,,0,1,1,1,1,0,0,1,0
81,Bruno Caboclo\cabocbr01,SF,22,SAC,9,0,92,9,28,.321,3,15,.200,6,13,.462,.375,5,6,.833,7,12,19,4,2,4,4,7,26
82,Jose Calderon\caldejo01,PG,36,CLE,55,32,888,92,180,.511,44,93,.473,48,87,.552,.633,24,30,.800,13,67,80,116,27,2,41,80,252
83,Kentavious Caldwell-Pope\caldwke01,SG,24,LAL,72,72,2435,339,789,.430,158,409,.386,181,380,.476,.530,153,194,.789,60,325,385,159,105,16,97,144,989
84,Isaiah Canaan\canaais01,PG-SG,26,TOT,20,1,422,52,137,.380,22,66,.333,30,71,.423,.460,46,51,.902,6,39,45,76,16,1,29,36,172
84,Isaiah Canaan\canaais01,SG,26,HOU,1,0,4,0,1,.000,0,0,,0,1,.000,.000,0,0,,0,1,1,0,0,0,0,0,0
84,Isaiah Canaan\canaais01,PG,26,PHO,19,1,418,52,136,.382,22,66,.333,30,70,.429,.463,46,51,.902,6,38,44,76,16,1,29,36,172
85,Clint Capela\capelca01,C,23,HOU,73,73,2013,436,667,.654,0,1,.000,436,666,.655,.654,144,257,.560,237,553,790,68,57,138,102,182,1016
86,DeMarre Carroll\carrode01,SF,31,BRK,73,73,2180,325,785,.414,145,391,.371,180,394,.457,.506,188,246,.764,105,374,479,147,59,30,103,165,983
87,Vince Carter\cartevi01,SF,41,SAC,56,5,984,108,273,.396,54,160,.338,54,113,.478,.495,28,37,.757,18,123,141,65,41,26,34,94,298
88,Michael Carter-Williams\cartemi01,PG,26,CHO,52,2,835,76,229,.332,14,59,.237,62,170,.365,.362,73,89,.820,37,101,138,116,44,23,52,99,239
89,Alex Caruso\carusal01,PG,23,LAL,35,5,506,42,97,.433,9,35,.257,33,62,.532,.479,17,24,.708,11,43,54,67,21,10,37,45,110
90,Omri Casspi\casspom01,SF,29,GSW,53,7,740,120,207,.580,10,22,.455,110,185,.595,.604,50,69,.725,30,170,200,51,18,19,37,70,300
91,Willie Cauley-Stein\caulewi01,C,24,SAC,71,56,1976,369,741,.498,3,12,.250,366,729,.502,.500,144,233,.618,128,361,489,166,76,66,107,180,885
92,Tyler Cavanaugh\cavanty01,PF,23,ATL,39,1,518,67,152,.441,32,89,.360,35,63,.556,.546,17,21,.810,45,82,127,27,9,4,14,61,183
93,Mario Chalmers\chalmma01,PG,31,MEM,64,10,1387,163,431,.378,51,184,.277,112,247,.453,.437,109,128,.852,13,140,153,192,74,11,113,174,486
94,Tyson Chandler\chandty01,C,35,PHO,46,46,1151,121,187,.647,0,0,,121,187,.647,.647,58,94,.617,134,284,418,53,16,27,59,106,300
95,Wilson Chandler\chandwi01,SF,30,DEN,72,69,2264,278,620,.448,86,241,.357,192,379,.507,.518,88,114,.772,101,282,383,157,41,38,89,151,730
96,Marquese Chriss\chrisma01,PF,20,PHO,72,49,1527,202,477,.423,56,190,.295,146,287,.509,.482,96,158,.608,76,319,395,83,51,70,107,205,556
97,Ian Clark\clarkia01,SG,26,NOP,72,2,1398,212,476,.445,58,186,.312,154,290,.531,.506,45,59,.763,10,111,121,102,31,10,57,118,527
98,Jordan Clarkson\clarkjo01,SG,25,TOT,79,2,1859,424,940,.451,108,312,.346,316,628,.503,.509,150,188,.798,56,158,214,217,58,6,125,105,1106
98,Jordan Clarkson\clarkjo01,SG,25,LAL,53,2,1256,299,667,.448,68,210,.324,231,457,.505,.499,105,132,.795,44,115,159,173,39,3,95,63,771
98,Jordan Clarkson\clarkjo01,SG,25,CLE,26,0,603,125,273,.458,40,102,.392,85,171,.497,.531,45,56,.804,12,43,55,44,19,3,30,42,335
99,Gian Clavell\clavegi01,SG,24,DAL,7,0,64,6,18,.333,6,15,.400,0,3,.000,.500,2,2,1.000,1,6,7,3,2,0,2,8,20
100,Antonius Cleveland\clevean01,SG,23,TOT,16,0,110,6,19,.316,2,3,.667,4,16,.250,.368,4,6,.667,3,11,14,2,7,5,7,17,18
100,Antonius Cleveland\clevean01,SG,23,DAL,13,0,81,4,14,.286,0,1,.000,4,13,.308,.286,2,4,.500,2,8,10,2,6,4,2,11,10
100,Antonius Cleveland\clevean01,SG,23,ATL,3,0,29,2,5,.400,2,2,1.000,0,3,.000,.600,2,2,1.000,1,3,4,0,1,1,5,6,8
101,John Collins\collijo01,PF,20,ATL,73,25,1754,309,535,.578,15,45,.333,294,490,.600,.592,131,181,.724,173,359,532,93,46,80,103,213,764
102,Zach Collins\colliza01,C,20,POR,64,1,1014,113,282,.401,34,109,.312,79,173,.457,.461,27,42,.643,45,170,215,51,16,30,56,128,287
103,Kyle Collinsworth\colliky01,SF,26,DAL,31,1,435,34,86,.395,4,15,.267,30,71,.423,.419,19,36,.528,29,67,96,48,16,9,22,42,91
104,Darren Collison\collida01,PG,30,IND,68,63,1998,311,626,.497,93,200,.465,218,426,.512,.571,127,144,.882,37,138,175,364,92,15,86,120,842
105,Nick Collison\collini01,PF,37,OKC,13,0,72,13,19,.684,0,0,,13,19,.684,.684,4,8,.500,6,13,19,4,0,0,7,7,30
106,Mike Conley\conlemi01,PG,30,MEM,12,12,373,64,168,.381,24,77,.312,40,91,.440,.452,53,66,.803,0,27,27,49,12,3,18,24,205
107,Pat Connaughton\connapa01,SG,25,POR,80,5,1463,163,387,.421,73,208,.351,90,179,.503,.516,37,44,.841,35,123,158,90,23,22,41,116,436
108,Quinn Cook\cookqu01,PG,24,GSW,32,17,707,120,244,.492,45,101,.446,75,143,.524,.584,19,21,.905,10,68,78,88,12,1,31,55,304
109,Charles Cooke\cookech01,SG,23,NOP,12,0,37,2,13,.154,1,7,.143,1,6,.167,.192,1,2,.500,0,2,2,1,1,0,1,0,6
110,Jack Cooley\cooleja01,PF,26,SAC,5,0,59,11,20,.550,0,0,,11,20,.550,.550,4,5,.800,12,12,24,5,1,0,0,8,26
111,Matt Costello\costema01,C,24,SAS,4,0,32,2,4,.500,0,0,,2,4,.500,.500,0,0,,1,8,9,2,2,2,1,7,4
112,DeMarcus Cousins\couside01,C,27,NOP,48,48,1737,406,864,.470,104,294,.354,302,570,.530,.530,294,394,.746,105,512,617,257,79,76,242,183,1210
113,Robert Covington\covinro01,SF,27,PHI,78,78,2478,341,824,.414,201,541,.372,140,283,.495,.536,115,134,.858,54,368,422,150,133,68,122,235,998
114,Allen Crabbe\crabbal01,SG,25,BRK,73,66,2138,320,799,.401,188,511,.368,132,288,.458,.518,105,125,.840,27,285,312,110,45,33,77,165,933
115,Torrey Craig\craigto01,SF,27,DEN,37,5,618,62,137,.453,17,58,.293,45,79,.570,.515,22,35,.629,40,86,126,25,12,15,20,62,163
116,Jamal Crawford\crawfja01,SG,37,MIN,78,0,1613,306,730,.419,104,310,.335,202,420,.481,.490,102,113,.903,20,74,94,178,39,9,93,85,818
117,Jordan Crawford\crawfjo02,SG,29,NOP,3,0,46,11,21,.524,8,12,.667,3,9,.333,.714,1,1,1.000,2,1,3,11,1,1,5,7,31
118,Jae Crowder\crowdja01,SF,27,TOT,78,47,2042,263,648,.406,108,330,.327,155,318,.487,.489,116,142,.817,57,206,263,98,62,19,72,184,750
118,Jae Crowder\crowdja01,SF,27,CLE,53,47,1346,157,376,.418,62,189,.328,95,187,.508,.500,78,92,.848,41,132,173,58,41,12,42,124,454
118,Jae Crowder\crowdja01,SF,27,UTA,25,0,696,106,272,.390,46,141,.326,60,131,.458,.474,38,50,.760,16,74,90,40,21,7,30,60,296
119,Dante Cunningham\cunnida01,SF,30,TOT,71,25,1521,158,350,.451,57,165,.345,101,185,.546,.533,31,52,.596,72,215,287,45,38,27,32,110,404
119,Dante Cunningham\cunnida01,SF,30,NOP,51,24,1115,99,225,.440,35,108,.324,64,117,.547,.518,20,36,.556,50,143,193,26,27,16,16,75,253
119,Dante Cunningham\cunnida01,SF,30,BRK,20,1,406,59,125,.472,22,57,.386,37,68,.544,.560,11,16,.688,22,72,94,19,11,11,16,35,151
120,Stephen Curry\curryst01,PG,29,GSW,51,51,1631,428,864,.495,212,501,.423,216,363,.595,.618,278,302,.921,36,225,261,310,80,8,153,114,1346
121,Troy Daniels\danietr01,SG,26,PHO,79,15,1622,232,575,.403,183,458,.400,49,117,.419,.563,56,64,.875,12,115,127,48,26,5,56,137,703
122,Anthony Davis\davisan02,PF,24,NOP,73,73,2656,761,1422,.535,55,160,.344,706,1262,.559,.555,483,579,.834,182,629,811,171,110,184,156,156,2060
123,Deyonta Davis\davisde01,C,21,MEM,60,4,891,153,249,.614,0,0,,153,249,.614,.614,38,56,.679,72,165,237,38,14,37,30,119,344
124,Ed Davis\davised01,C,28,POR,76,0,1439,168,287,.585,0,1,.000,168,286,.587,.585,74,111,.667,181,381,562,40,32,51,63,183,410
125,Dewayne Dedmon\dedmode01,C,28,ATL,61,45,1517,246,469,.525,50,140,.357,196,329,.596,.578,61,79,.772,100,382,482,88,40,48,86,161,603
126,Sam Dekker\dekkesa01,PF,23,LAC,71,1,835,120,248,.484,10,60,.167,110,188,.585,.504,36,53,.679,41,118,159,34,23,9,30,65,286
127,Malcolm Delaney\delanma01,PG,28,ATL,54,3,1014,109,285,.382,46,124,.371,63,161,.391,.463,74,92,.804,9,91,100,163,35,6,66,82,338
128,Matthew Dellavedova\dellama01,PG,27,MIL,37,3,702,55,149,.369,29,77,.377,26,72,.361,.466,23,25,.920,13,50,63,142,14,0,48,67,162
129,Luol Deng\denglu01,SF,32,LAL,1,1,13,1,2,.500,0,0,,1,2,.500,.500,0,0,,0,0,0,1,1,0,1,0,2
130,DeMar DeRozan\derozde01,SG,28,TOR,78,78,2644,633,1384,.457,87,278,.313,546,1106,.494,.489,452,548,.825,57,249,306,407,85,21,171,147,1805
131,Cheick Diallo\diallch01,PF,21,NOP,50,0,566,98,169,.580,0,0,,98,169,.580,.580,50,65,.769,44,161,205,18,10,21,28,78,246
132,Gorgui Dieng\dienggo01,C,28,MIN,77,0,1309,181,379,.478,16,56,.286,165,323,.511,.499,76,98,.776,103,248,351,71,45,38,59,144,454
133,Spencer Dinwiddie\dinwisp01,PG,24,BRK,79,57,2271,318,825,.385,138,424,.325,180,401,.449,.469,213,262,.813,40,216,256,517,68,23,124,185,987
134,Tyler Dorsey\dorsety01,SG,21,ATL,55,5,953,138,371,.372,68,194,.351,70,177,.395,.464,44,61,.721,17,111,128,78,16,5,37,61,388
135,Damyean Dotson\dotsoda01,SG,23,NYK,42,2,422,64,144,.444,19,59,.322,45,85,.529,.510,13,18,.722,9,61,70,26,11,2,13,28,160
136,Milton Doyle\doylemi01,SG,24,BRK,8,0,83,8,32,.250,2,15,.133,6,17,.353,.281,2,5,.400,2,12,14,5,4,1,2,7,20
137,PJ Dozier\doziepj01,PG,21,OKC,2,0,3,1,2,.500,0,0,,1,2,.500,.500,0,0,,0,1,1,0,0,0,1,1,2
138,Goran Dragic\dragigo01,PG,31,MIA,74,74,2348,482,1065,.453,111,297,.374,371,768,.483,.505,217,271,.801,54,251,305,352,63,12,164,179,1292
139,Larry Drew\drewla02,PG,27,TOT,10,0,70,7,24,.292,3,9,.333,4,15,.267,.354,0,0,,3,0,3,10,0,0,3,6,17
139,Larry Drew\drewla02,PG,27,PHI,3,0,15,1,7,.143,0,3,.000,1,4,.250,.143,0,0,,1,0,1,2,0,0,1,2,2
139,Larry Drew\drewla02,PG,27,NOP,7,0,55,6,17,.353,3,6,.500,3,11,.273,.441,0,0,,2,0,2,8,0,0,2,4,15
140,Andre Drummond\drumman01,C,24,DET,78,78,2625,466,881,.529,0,11,.000,466,870,.536,.529,239,395,.605,399,848,1247,237,114,127,200,250,1171
141,Jared Dudley\dudleja01,PF,32,PHO,47,0,655,46,118,.390,29,79,.367,17,39,.436,.513,26,33,.788,8,80,88,74,24,9,27,82,147
142,Kris Dunn\dunnkr01,PG,23,CHI,52,43,1525,286,666,.429,43,134,.321,243,532,.457,.462,84,115,.730,24,197,221,310,104,27,150,175,699
143,Kevin Durant\duranke01,PF,29,GSW,67,67,2296,625,1210,.517,173,410,.422,452,800,.565,.588,356,401,.888,31,429,460,365,50,119,205,131,1779
144,Jarell Eddie\eddieja01,SF,26,TOT,3,0,9,0,2,.000,0,2,.000,0,0,,.000,0,0,,0,1,1,0,1,0,0,0,0
144,Jarell Eddie\eddieja01,SF,26,BOS,2,0,6,0,1,.000,0,1,.000,0,0,,.000,0,0,,0,1,1,0,1,0,0,0,0
144,Jarell Eddie\eddieja01,SF,26,CHI,1,0,3,0,1,.000,0,1,.000,0,0,,.000,0,0,,0,0,0,0,0,0,0,0,0
145,Henry Ellenson\ellenhe01,PF,21,DET,36,0,278,46,128,.359,17,53,.321,29,75,.387,.426,16,19,.842,10,57,67,17,3,0,17,17,125
146,Wayne Ellington\ellinwa01,SG,30,MIA,75,2,1991,272,679,.401,218,563,.387,54,116,.466,.561,67,78,.859,22,193,215,78,51,7,52,90,829
147,Joel Embiid\embiijo01,C,23,PHI,63,63,1912,510,1056,.483,66,214,.308,444,842,.527,.514,359,467,.769,143,547,690,199,40,111,234,209,1445
148,James Ennis\ennisja01,SF,27,TOT,70,22,1569,178,373,.477,51,148,.345,127,225,.564,.546,97,116,.836,73,149,222,69,45,18,55,131,504
148,James Ennis\ennisja01,SF,27,MEM,45,14,1053,108,222,.486,30,84,.357,78,138,.565,.554,64,73,.877,53,104,157,49,32,12,38,81,310
148,James Ennis\ennisja01,SF,27,DET,25,8,516,70,151,.464,21,64,.328,49,87,.563,.533,33,43,.767,20,45,65,20,13,6,17,50,194
149,Tyler Ennis\ennisty01,PG,23,LAL,52,11,637,87,209,.416,14,54,.259,73,155,.471,.450,20,27,.741,19,71,90,97,27,10,33,73,208
150,Jawun Evans\evansja01,PG,21,LAC,48,4,778,89,253,.352,15,54,.278,74,199,.372,.381,38,49,.776,9,75,84,100,36,6,44,97,231
151,Jeremy Evans\evansje01,SF,30,ATL,1,0,5,1,1,1.000,0,0,,1,1,1.000,1.000,0,0,,1,0,1,0,0,0,1,1,2
152,Tyreke Evans\evansty01,PG,28,MEM,52,32,1607,366,809,.452,114,286,.399,252,523,.482,.523,164,209,.785,44,221,265,269,57,17,117,96,1010
153,Dante Exum\exumda01,PG,22,UTA,12,0,195,37,72,.514,5,15,.333,32,57,.561,.549,23,29,.793,4,20,24,38,7,3,16,18,102
154,Kenneth Faried\farieke01,PF,28,DEN,32,7,461,76,148,.514,0,1,.000,76,147,.517,.514,36,51,.706,68,85,153,18,12,13,23,51,188
155,Derrick Favors\favorde01,C,26,UTA,75,75,2105,384,685,.561,12,59,.203,372,626,.594,.569,138,212,.651,192,345,537,101,54,77,88,161,918
156,Kay Felder\feldeka01,PG,22,TOT,15,0,137,20,68,.294,4,19,.211,16,49,.327,.324,11,12,.917,2,13,15,20,3,1,16,11,55
156,Kay Felder\feldeka01,PG,22,CHI,14,0,134,20,66,.303,4,18,.222,16,48,.333,.333,11,12,.917,1,13,14,20,3,1,15,11,55
156,Kay Felder\feldeka01,PG,22,DET,1,0,3,0,2,.000,0,1,.000,0,1,.000,.000,0,0,,1,0,1,0,0,0,1,0,0
157,Cristiano Felicio\feliccr01,C,25,CHI,53,14,920,119,202,.589,0,1,.000,119,201,.592,.589,50,75,.667,77,145,222,52,14,11,50,100,288
158,Raymond Felton\feltora01,PG,33,OKC,80,2,1339,218,540,.404,76,222,.342,142,318,.447,.474,35,43,.814,25,129,154,201,49,16,73,90,547
159,Terrance Ferguson\fergute01,SG,19,OKC,59,12,728,65,159,.409,35,110,.318,30,49,.612,.519,9,10,.900,19,25,44,17,23,10,11,79,174
160,Yogi Ferrell\ferreyo01,SG,24,DAL,81,21,2274,310,727,.426,133,357,.373,177,370,.478,.518,82,103,.796,26,223,249,201,64,9,78,153,835
161,Dorian Finney-Smith\finnedo01,PF,24,DAL,20,12,408,40,104,.385,19,60,.317,21,44,.477,.476,10,13,.769,20,48,68,22,9,4,19,40,109
162,Bryn Forbes\forbebr01,SG,24,SAS,78,12,1475,202,483,.418,86,221,.389,116,262,.443,.507,44,68,.647,11,97,108,80,27,2,37,105,534
163,Evan Fournier\fournev01,SF,25,ORL,57,57,1837,368,802,.459,127,335,.379,241,467,.516,.538,150,173,.867,23,157,180,165,47,16,95,138,1013
164,De'Aaron Fox\foxde01,PG,20,SAC,71,58,1961,316,770,.410,43,144,.299,273,626,.436,.438,137,188,.729,29,163,192,309,70,20,164,160,812
165,Tim Frazier\fraziti01,PG,27,WAS,57,11,826,68,169,.402,17,56,.304,51,113,.451,.453,23,30,.767,18,96,114,192,45,7,56,96,176
166,Channing Frye\fryech01,C,34,TOT,52,1,680,102,206,.495,39,112,.348,63,94,.670,.590,17,19,.895,12,120,132,36,17,13,20,69,260
166,Channing Frye\fryech01,C,34,CLE,44,1,545,84,169,.497,30,90,.333,54,79,.684,.586,14,15,.933,10,100,110,28,17,12,17,54,212
166,Channing Frye\fryech01,C,34,LAL,8,0,135,18,37,.486,9,22,.409,9,15,.600,.608,3,4,.750,2,20,22,8,0,1,3,15,48
167,Markelle Fultz\fultzma01,SG,19,PHI,12,0,209,37,92,.402,0,1,.000,37,91,.407,.402,9,17,.529,8,21,29,40,8,3,14,21,83
168,Danilo Gallinari\gallida01,SF,29,LAC,21,21,671,102,256,.398,36,111,.324,66,145,.455,.469,81,87,.931,9,92,101,41,12,10,26,30,321
169,Langston Galloway\gallola01,SG,26,DET,56,2,824,122,327,.373,73,211,.346,49,116,.422,.485,30,38,.789,12,75,87,56,31,5,17,39,347
170,Marc Gasol\gasolma01,C,33,MEM,73,73,2408,434,1033,.420,109,320,.341,325,713,.456,.473,281,337,.834,78,514,592,305,54,101,194,185,1258
171,Pau Gasol\gasolpa01,C,37,SAS,75,62,1778,284,621,.457,43,120,.358,241,501,.481,.492,156,207,.754,126,481,607,231,23,78,108,116,767
172,Rudy Gay\gayru01,PF,31,SAS,55,6,1186,245,518,.473,36,114,.316,209,404,.517,.508,103,135,.763,71,207,278,70,44,37,74,96,629
173,Paul George\georgpa01,SF,27,OKC,77,77,2820,556,1300,.428,231,581,.398,325,719,.452,.517,324,395,.820,71,369,440,260,158,38,209,228,1667
174,Marcus Georges-Hunt\georgma01,SG,23,MIN,41,0,223,20,47,.426,3,14,.214,17,33,.515,.457,13,21,.619,7,9,16,7,6,0,3,32,56
175,Jonathan Gibson\gibsojo01,PG,30,BOS,2,0,12,4,8,.500,3,6,.500,1,2,.500,.688,0,0,,0,1,1,2,0,0,0,2,11
176,Taj Gibson\gibsota01,PF,32,MIN,80,80,2683,419,725,.578,7,35,.200,412,690,.597,.583,142,185,.768,192,382,574,99,60,57,86,213,987
177,Manu Ginobili\ginobma01,SG,40,SAS,63,0,1260,194,445,.436,61,182,.335,133,263,.506,.504,104,125,.832,19,115,134,155,42,16,99,120,553
178,Rudy Gobert\goberru01,C,25,UTA,54,54,1756,266,426,.624,0,0,,266,426,.624,.624,198,291,.680,158,426,584,77,44,126,104,148,730
179,Aaron Gordon\gordoaa01,PF,22,ORL,56,55,1865,366,842,.435,111,332,.334,255,510,.500,.501,156,223,.700,87,363,450,134,57,44,100,109,999
180,Eric Gordon\gordoer01,SG,29,HOU,68,30,2127,413,961,.430,216,599,.361,197,362,.544,.542,195,241,.809,24,145,169,152,43,27,129,115,1237
181,Marcin Gortat\gortama01,C,33,WAS,80,80,2031,285,548,.520,0,0,,285,548,.520,.520,107,159,.673,176,432,608,150,39,60,97,172,677
182,Treveon Graham\grahatr01,SG,24,CHO,63,2,1050,96,221,.434,40,97,.412,56,124,.452,.525,41,59,.695,42,79,121,59,33,2,27,109,273
183,Jerami Grant\grantje01,PF,23,OKC,79,1,1605,237,446,.531,32,109,.294,205,337,.608,.567,147,223,.659,86,226,312,55,30,73,54,152,653
184,Jerian Grant\grantje02,PG,25,CHI,72,26,1630,203,484,.419,59,179,.330,144,305,.472,.480,137,183,.749,31,138,169,336,62,7,83,127,602
185,Josh Gray\grayjo01,PG,24,PHO,5,0,86,11,41,.268,3,13,.231,8,28,.286,.305,7,11,.636,2,8,10,12,8,2,7,8,32
186,Danny Green\greenda02,SG,30,SAS,68,58,1756,213,550,.387,114,313,.364,99,237,.418,.491,48,62,.774,41,204,245,108,61,80,71,120,588
187,Draymond Green\greendr01,PF,27,GSW,69,69,2267,279,614,.454,77,255,.302,202,359,.563,.517,134,173,.775,75,457,532,505,95,91,197,184,769
188,Gerald Green\greenge01,SG,32,HOU,39,1,879,152,381,.399,100,275,.364,52,106,.491,.530,46,55,.836,14,110,124,25,23,15,26,83,450
189,JaMychal Green\greenja01,PF,27,MEM,55,54,1542,223,488,.457,43,127,.339,180,361,.499,.501,80,111,.721,147,317,464,79,32,25,76,153,569
190,Jeff Green\greenje02,PF,31,CLE,76,11,1788,291,609,.478,53,167,.317,238,442,.538,.521,199,229,.869,58,184,242,98,40,32,75,145,834
191,Blake Griffin\griffbl01,PF,28,TOT,58,58,1970,436,996,.438,111,322,.345,325,674,.482,.493,259,330,.785,73,355,428,334,41,18,165,139,1242
191,Blake Griffin\griffbl01,PF,28,LAC,33,33,1139,255,578,.441,64,187,.342,191,391,.488,.497,172,219,.785,46,216,262,179,30,9,99,78,746
191,Blake Griffin\griffbl01,PF,28,DET,25,25,831,181,418,.433,47,135,.348,134,283,.473,.489,87,111,.784,27,139,166,155,11,9,66,61,496
192,Daniel Hamilton\hamilda02,SG,22,OKC,5,0,26,5,11,.455,2,5,.400,3,6,.500,.545,0,0,,0,5,5,7,1,0,2,0,12
193,Tim Hardaway\hardati02,SG,25,NYK,57,54,1885,360,856,.421,130,410,.317,230,446,.516,.496,146,179,.816,32,192,224,155,62,10,92,123,996
194,James Harden\hardeja01,SG,28,HOU,71,71,2520,645,1434,.450,262,715,.366,383,719,.533,.541,618,721,.857,40,345,385,620,125,49,309,169,2170
195,Maurice Harkless\harklma01,SF,24,POR,59,36,1264,147,297,.495,49,118,.415,98,179,.547,.577,42,59,.712,46,116,162,53,48,43,40,103,385
196,Montrezl Harrell\harremo01,C,24,LAC,74,3,1235,334,519,.644,1,7,.143,333,512,.650,.645,137,213,.643,101,193,294,65,33,48,65,141,806
197,Devin Harris\harride01,PG,34,TOT,69,1,1316,183,442,.414,78,222,.351,105,220,.477,.502,142,170,.835,12,113,125,149,47,12,76,158,586
197,Devin Harris\harride01,PG,34,DAL,44,1,807,118,284,.415,44,125,.352,74,159,.465,.493,93,112,.830,9,76,85,85,33,8,49,103,373
197,Devin Harris\harride01,PG,34,DEN,25,0,509,65,158,.411,34,97,.351,31,61,.508,.519,49,58,.845,3,37,40,64,14,4,27,55,213
198,Gary Harris\harriga01,SG,23,DEN,65,65,2265,432,889,.486,155,388,.399,277,501,.553,.573,129,156,.827,37,137,174,193,120,15,118,119,1148
199,Joe Harris\harrijo01,SG,26,BRK,78,14,1975,305,621,.491,150,358,.419,155,263,.589,.612,86,104,.827,51,209,260,128,35,20,91,153,846
200,Tobias Harris\harrito02,PF,25,TOT,78,78,2615,549,1192,.461,181,435,.416,368,757,.486,.536,173,209,.828,56,369,425,186,70,35,98,161,1452
200,Tobias Harris\harrito02,PF,25,DET,48,48,1563,320,709,.451,113,276,.409,207,433,.478,.531,115,136,.846,36,208,244,94,34,15,51,91,868
200,Tobias Harris\harrito02,PF,25,LAC,30,30,1052,229,483,.474,68,159,.428,161,324,.497,.545,58,73,.795,20,161,181,92,36,20,47,70,584
201,Aaron Harrison\harriaa01,SG,23,DAL,8,2,185,14,51,.275,7,34,.206,7,17,.412,.343,9,11,.818,2,18,20,10,7,2,3,23,44
202,Andrew Harrison\harrian01,PG,23,MEM,56,46,1326,181,429,.422,47,142,.331,134,287,.467,.477,124,159,.780,23,108,131,177,38,26,81,138,533
203,Shaquille Harrison\harrish01,PG,24,PHO,22,1,349,51,113,.451,6,24,.250,45,89,.506,.478,26,35,.743,8,49,57,45,24,7,18,39,134
204,Josh Hart\hartjo01,SG,22,LAL,61,21,1385,159,343,.464,69,180,.383,90,163,.552,.564,59,87,.678,41,210,251,75,44,16,44,103,446
205,Udonis Haslem\hasleud01,C,37,MIA,14,0,72,3,15,.200,1,8,.125,2,7,.286,.233,1,2,.500,3,7,10,5,0,2,2,3,8
206,Nigel Hayes\hayesni01,SF,23,TOT,7,0,76,6,22,.273,3,13,.231,3,9,.333,.341,1,3,.333,2,7,9,5,0,2,2,5,16
206,Nigel Hayes\hayesni01,SF,23,LAL,2,0,11,1,3,.333,0,2,.000,1,1,1.000,.333,1,1,1.000,0,0,0,2,0,0,0,0,3
206,Nigel Hayes\hayesni01,SF,23,TOR,2,0,6,2,2,1.000,2,2,1.000,0,0,,1.500,0,0,,0,0,0,0,0,0,1,0,6
206,Nigel Hayes\hayesni01,SF,23,SAC,3,0,59,3,17,.176,1,9,.111,2,8,.250,.206,0,2,.000,2,7,9,3,0,2,1,5,7
207,Gordon Hayward\haywago01,SF,27,BOS,1,1,5,1,2,.500,0,1,.000,1,1,1.000,.500,0,0,,0,1,1,0,0,0,0,1,2
208,Reggie Hearn\hearnre01,SG,26,DET,2,0,3,1,1,1.000,1,1,1.000,0,0,,1.500,0,0,,0,0,0,0,0,0,0,0,3
209,Myke Henry\henrymy01,SF,25,MEM,18,0,340,37,98,.378,16,51,.314,21,47,.447,.459,6,10,.600,9,26,35,20,27,5,19,24,96
210,John Henson\hensojo01,C,27,MIL,74,67,1927,284,493,.576,1,7,.143,283,486,.582,.577,90,156,.577,148,356,504,109,40,109,84,198,659
211,Juan Hernangomez\hernaju01,PF,22,DEN,25,3,277,29,75,.387,14,50,.280,15,25,.600,.480,10,12,.833,18,36,54,12,6,3,9,25,82
212,Willy Hernangomez\hernawi01,C,23,TOT,47,1,474,89,157,.567,5,12,.417,84,145,.579,.583,57,87,.655,57,115,172,33,17,14,34,63,240
212,Willy Hernangomez\hernawi01,C,23,NYK,26,0,233,49,81,.605,1,5,.200,48,76,.632,.611,12,28,.429,22,45,67,21,8,7,26,32,111
212,Willy Hernangomez\hernawi01,C,23,CHO,21,1,241,40,76,.526,4,7,.571,36,69,.522,.553,45,59,.763,35,70,105,12,9,7,8,31,129
213,Mario Hezonja\hezonma01,SF,22,ORL,73,28,1595,265,596,.445,87,256,.340,178,340,.524,.518,78,96,.813,39,229,268,100,78,30,80,130,695
214,Isaiah Hicks\hicksis01,PF,23,NYK,16,0,204,26,60,.433,1,8,.125,25,52,.481,.442,10,16,.625,10,26,36,11,2,4,12,42,63
215,Buddy Hield\hieldbu01,SG,24,SAC,78,12,1964,403,903,.446,171,398,.430,232,505,.459,.541,71,80,.888,52,247,299,149,81,21,122,144,1048
216,Nene Hilario\hilarne01,C,35,HOU,51,4,746,135,235,.574,0,2,.000,135,233,.579,.574,68,107,.636,54,121,175,45,27,14,38,122,338
217,George Hill\hillge01,PG,31,TOT,65,58,1783,233,506,.460,84,202,.416,149,304,.490,.543,108,138,.783,42,136,178,182,57,26,86,127,658
217,George Hill\hillge01,PG,31,SAC,43,36,1143,153,326,.469,58,128,.453,95,198,.480,.558,77,99,.778,22,95,117,119,39,12,60,75,441
217,George Hill\hillge01,PG,31,CLE,22,22,640,80,180,.444,26,74,.351,54,106,.509,.517,31,39,.795,20,41,61,63,18,14,26,52,217
218,Solomon Hill\hillso01,SF,26,NOP,10,1,158,10,37,.270,4,21,.190,6,16,.375,.324,2,4,.500,7,21,28,20,7,1,8,18,26
219,Darrun Hilliard\hillida01,SG,24,SAS,14,0,95,5,19,.263,0,6,.000,5,13,.385,.263,6,7,.857,0,7,7,11,2,0,4,7,16
220,Jrue Holiday\holidjr01,SG,27,NOP,79,79,2860,600,1222,.491,120,353,.340,480,869,.552,.540,186,237,.785,60,298,358,468,118,61,206,196,1506
221,Justin Holiday\holidju01,SG,28,CHI,71,71,2243,285,770,.370,159,442,.360,126,328,.384,.473,134,163,.822,31,256,287,149,80,31,93,132,863
222,John Holland\hollajo02,SF,29,CLE,22,0,136,11,40,.275,7,26,.269,4,14,.286,.363,4,6,.667,4,15,19,4,6,2,5,9,33
223,Rondae Hollis-Jefferson\holliro01,SF,23,BRK,66,57,1871,340,713,.477,13,53,.245,327,660,.495,.486,249,316,.788,101,349,450,161,63,46,115,142,942
224,Richaun Holmes\holmeri01,C,24,PHI,46,2,705,123,225,.547,4,31,.129,119,194,.613,.556,34,51,.667,51,148,199,60,19,27,23,91,284
225,Rodney Hood\hoodro01,SG,25,TOT,60,23,1616,322,751,.429,127,333,.381,195,418,.467,.513,111,129,.860,22,143,165,95,45,12,70,105,882
225,Rodney Hood\hoodro01,SG,25,UTA,39,12,1084,234,552,.424,102,262,.389,132,290,.455,.516,85,97,.876,14,97,111,65,30,7,63,64,655
225,Rodney Hood\hoodro01,SG,25,CLE,21,11,532,88,199,.442,25,71,.352,63,128,.492,.505,26,32,.813,8,46,54,30,15,5,7,41,227
226,Scotty Hopson\hopsosc01,SG,28,DAL,1,0,8,0,1,.000,0,0,,0,1,.000,.000,1,2,.500,0,0,0,1,0,0,1,0,1
227,Al Horford\horfoal01,C,31,BOS,71,71,2245,365,743,.491,97,223,.435,268,520,.515,.557,90,116,.776,98,418,516,336,42,78,130,138,917
228,Danuel House\houseda01,SG,24,PHO,22,2,363,49,117,.419,14,55,.255,35,62,.565,.479,24,29,.828,12,56,68,22,7,6,10,22,136
229,Dwight Howard\howardw01,C,32,CHO,80,80,2436,500,897,.557,1,7,.143,499,890,.561,.558,332,578,.574,252,743,995,105,48,130,208,249,1333
230,Josh Huestis\huestjo01,PF,26,OKC,67,10,979,59,180,.328,32,113,.283,27,67,.403,.417,6,20,.300,42,119,161,20,15,43,26,82,156
231,R.J. Hunter\hunterj01,SG,24,HOU,4,0,15,0,4,.000,0,3,.000,0,1,.000,.000,0,0,,0,1,1,2,1,0,0,2,0
232,Vince Hunter\huntevi01,PF,23,MEM,4,0,7,3,5,.600,0,0,,3,5,.600,.600,0,0,,2,1,3,0,0,1,1,0,6
233,Serge Ibaka\ibakase01,PF,28,TOR,75,75,2068,378,780,.485,107,297,.360,271,483,.561,.553,94,118,.797,78,399,477,61,29,97,89,205,957
234,Andre Iguodala\iguodan01,SF,34,GSW,64,7,1622,148,320,.463,33,117,.282,115,203,.567,.514,55,87,.632,50,196,246,210,54,38,67,99,384
235,Ersan Ilyasova\ilyaser01,PF,30,TOT,67,43,1680,268,592,.453,86,244,.352,182,348,.523,.525,99,127,.780,117,277,394,88,59,24,69,154,721
235,Ersan Ilyasova\ilyaser01,PF,30,ATL,46,40,1175,184,401,.459,61,170,.359,123,231,.532,.535,72,90,.800,74,177,251,51,44,17,43,92,501
235,Ersan Ilyasova\ilyaser01,PF,30,PHI,21,3,505,84,191,.440,25,74,.338,59,117,.504,.505,27,37,.730,43,100,143,37,15,7,26,62,220
236,Joe Ingles\inglejo01,SF,30,UTA,80,79,2526,331,707,.468,203,460,.441,128,247,.518,.612,66,83,.795,23,313,336,383,89,19,153,177,931
237,Brandon Ingram\ingrabr01,SF,20,LAL,59,59,1975,358,761,.470,41,105,.390,317,656,.483,.497,192,282,.681,57,257,314,230,45,43,149,163,949
238,Kyrie Irving\irvinky01,PG,25,BOS,60,60,1931,534,1087,.491,166,407,.408,368,680,.541,.568,232,261,.889,33,194,227,306,65,17,140,122,1466
239,Jonathan Isaac\isaacjo01,PF,20,ORL,27,10,536,55,145,.379,16,46,.348,39,99,.394,.434,19,25,.760,16,83,99,18,33,30,27,48,145
240,Wesley Iwundu\iwundwe01,SF,23,ORL,60,10,966,89,211,.422,7,42,.167,82,169,.485,.438,31,43,.721,36,98,134,54,32,11,30,75,216
241,Jarrett Jack\jackja01,PG,34,NYK,60,56,1520,186,436,.427,25,84,.298,161,352,.457,.455,61,73,.836,20,166,186,342,35,4,115,97,458
242,Demetrius Jackson\jacksde01,PG,23,TOT,15,0,80,7,18,.389,1,7,.143,6,11,.545,.417,1,2,.500,5,7,12,9,5,1,10,7,16
242,Demetrius Jackson\jacksde01,PG,23,HOU,12,0,63,4,14,.286,0,6,.000,4,8,.500,.286,0,0,,4,7,11,5,4,1,9,6,8
242,Demetrius Jackson\jacksde01,PG,23,PHI,3,0,17,3,4,.750,1,1,1.000,2,3,.667,.875,1,2,.500,1,0,1,4,1,0,1,1,8
243,Josh Jackson\jacksjo02,SF,20,PHO,77,35,1959,389,932,.417,57,217,.263,332,715,.464,.448,177,279,.634,95,256,351,119,80,35,146,218,1012
244,Justin Jackson\jacksju01,SF,22,SAC,66,39,1443,185,409,.452,57,177,.322,128,232,.552,.522,26,36,.722,27,154,181,72,28,12,39,76,453
245,Reggie Jackson\jacksre01,PG,27,DET,43,43,1139,237,551,.430,51,161,.317,186,390,.477,.476,108,130,.831,28,92,120,219,26,4,98,82,633
246,LeBron James\jamesle01,PF,33,CLE,80,80,2977,846,1555,.544,146,398,.367,700,1157,.605,.591,377,518,.728,96,602,698,734,114,71,340,133,2215
247,Mike James\jamesmi02,PG,27,TOT,36,10,687,123,321,.383,26,98,.265,97,223,.435,.424,64,84,.762,13,77,90,126,28,7,49,48,336
247,Mike James\jamesmi02,PG,27,PHO,32,10,669,121,312,.388,26,97,.268,95,215,.442,.429,64,84,.762,12,77,89,120,27,7,48,45,332
247,Mike James\jamesmi02,PG,27,NOP,4,0,18,2,9,.222,0,1,.000,2,8,.250,.222,0,0,,1,0,1,6,1,0,1,3,4
248,Al Jefferson\jeffeal01,C,33,IND,35,1,470,106,201,.527,0,2,.000,106,199,.533,.527,28,34,.824,30,108,138,30,16,23,20,64,240
249,Richard Jefferson\jefferi01,SF,37,DEN,20,0,163,12,27,.444,2,7,.286,10,20,.500,.481,4,7,.571,2,15,17,15,2,1,5,11,30
250,Brandon Jennings\jennibr01,PG,28,MIL,12,0,173,23,58,.397,8,27,.296,15,31,.484,.466,9,9,1.000,4,21,25,37,6,4,14,9,63
251,Jonas Jerebko\jerebjo01,PF,30,UTA,72,19,1103,152,329,.462,60,148,.405,92,181,.508,.553,46,57,.807,52,186,238,41,24,11,26,123,410
252,Amir Johnson\johnsam01,C,30,PHI,72,16,1131,129,246,.524,9,29,.310,120,217,.553,.543,52,85,.612,117,197,314,112,43,44,55,187,319
253,Brice Johnson\johnsbr02,PF,23,TOT,18,0,98,20,42,.476,0,1,.000,20,41,.488,.476,3,5,.600,9,22,31,2,9,6,5,13,43
253,Brice Johnson\johnsbr02,PF,23,LAC,9,0,38,7,11,.636,0,1,.000,7,10,.700,.636,2,2,1.000,2,11,13,1,6,2,4,7,16
253,Brice Johnson\johnsbr02,PF,23,MEM,9,0,60,13,31,.419,0,0,,13,31,.419,.419,1,3,.333,7,11,18,1,3,4,1,6,27
254,Dakari Johnson\johnsda04,C,22,OKC,29,6,159,22,39,.564,0,0,,22,39,.564,.564,11,20,.550,16,18,34,8,6,8,3,27,55
255,James Johnson\johnsja01,PF,30,MIA,71,39,1896,300,596,.503,57,183,.311,243,413,.588,.551,109,156,.699,59,288,347,276,69,50,138,184,766
256,Joe Johnson\johnsjo02,SF,36,TOT,53,3,1162,142,348,.408,38,141,.270,104,207,.502,.463,37,42,.881,14,153,167,78,18,7,47,61,359
256,Joe Johnson\johnsjo02,SF,36,UTA,32,3,700,95,226,.420,23,84,.274,72,142,.507,.471,20,24,.833,12,95,107,45,12,6,31,32,233
256,Joe Johnson\johnsjo02,SF,36,HOU,21,0,462,47,122,.385,15,57,.263,32,65,.492,.447,17,18,.944,2,58,60,33,6,1,16,29,126
257,Omari Johnson\johnsom01,PF,28,MEM,2,0,32,2,9,.222,1,6,.167,1,3,.333,.278,0,0,,2,2,4,1,1,0,1,3,5
258,Stanley Johnson\johnsst04,SF,21,DET,67,48,1844,204,543,.376,64,226,.283,140,317,.442,.435,111,143,.776,33,214,247,108,94,14,76,166,583
259,Tyler Johnson\johnsty01,PG,25,MIA,70,37,1991,300,689,.435,116,316,.367,184,373,.493,.520,104,127,.819,33,204,237,159,57,33,78,146,820
260,Wesley Johnson\johnswe01,SF,30,LAC,72,38,1448,144,356,.404,59,173,.341,85,183,.464,.487,41,55,.745,27,186,213,56,75,62,54,143,388
261,Nikola Jokic\jokicni01,C,22,DEN,73,71,2358,485,971,.499,106,269,.394,379,702,.540,.554,259,305,.849,191,582,773,444,87,60,205,206,1335
262,Damian Jones\jonesda03,C,22,GSW,14,0,79,11,17,.647,0,0,,11,17,.647,.647,3,5,.600,4,8,12,2,0,3,4,13,25
263,Derrick Jones\jonesde02,SF,20,TOT,19,8,245,21,52,.404,3,18,.167,18,34,.529,.433,16,24,.667,21,17,38,9,4,13,7,24,61
263,Derrick Jones\jonesde02,SF,20,PHO,6,0,33,2,4,.500,0,2,.000,2,2,1.000,.500,5,6,.833,2,2,4,3,1,4,1,2,9
263,Derrick Jones\jonesde02,SF,20,MIA,13,8,212,19,48,.396,3,16,.188,16,32,.500,.427,11,18,.611,19,15,34,6,3,9,6,22,52
264,Jalen Jones\jonesja04,SF,24,TOT,15,0,146,21,54,.389,8,20,.400,13,34,.382,.463,9,15,.600,9,24,33,2,3,1,6,17,59
264,Jalen Jones\jonesja04,SF,24,NOP,4,0,19,1,4,.250,1,1,1.000,0,3,.000,.375,2,2,1.000,0,3,3,0,0,0,0,2,5
264,Jalen Jones\jonesja04,SF,24,DAL,11,0,127,20,50,.400,7,19,.368,13,31,.419,.470,7,13,.538,9,21,30,2,3,1,6,15,54
265,Tyus Jones\jonesty01,PG,21,MIN,80,11,1432,146,320,.456,42,122,.344,104,198,.525,.522,71,81,.877,16,113,129,225,94,6,57,105,405
266,DeAndre Jordan\jordade01,C,29,LAC,75,75,2378,366,568,.644,0,0,,366,568,.644,.644,180,304,.592,323,824,1147,115,38,70,135,201,912
267,Cory Joseph\josepco01,PG,26,IND,81,17,2184,253,594,.426,67,186,.360,186,408,.456,.482,70,94,.745,39,222,261,252,79,18,84,140,643
268,Frank Kaminsky\kaminfr01,PF,24,CHO,78,4,1808,297,699,.425,101,266,.380,196,433,.453,.497,154,193,.798,45,236,281,128,36,18,66,95,849
269,Enes Kanter\kanteen01,C,25,NYK,71,71,1830,422,713,.592,0,2,.000,422,711,.594,.592,156,184,.848,273,507,780,105,36,37,122,187,1000
270,Luke Kennard\kennalu01,SG,21,DET,71,7,1398,191,438,.436,75,183,.410,116,255,.455,.522,58,68,.853,21,143,164,117,42,13,65,83,515
271,Michael Kidd-Gilchrist\kiddgmi01,SF,24,CHO,73,73,1828,280,557,.503,0,2,.000,280,555,.505,.503,117,171,.684,83,216,299,71,50,31,54,143,677
272,Sean Kilpatrick\kilpase01,SG,28,TOT,50,0,584,99,271,.365,42,135,.311,57,136,.419,.443,60,66,.909,5,77,82,41,11,4,34,31,300
272,Sean Kilpatrick\kilpase01,SG,28,BRK,16,0,183,25,87,.287,11,43,.256,14,44,.318,.351,18,19,.947,1,34,35,15,2,1,16,8,79
272,Sean Kilpatrick\kilpase01,SG,28,MIL,23,0,205,31,82,.378,13,46,.283,18,36,.500,.457,18,19,.947,1,24,25,15,5,1,9,15,93
272,Sean Kilpatrick\kilpase01,SG,28,LAC,4,0,38,7,18,.389,3,7,.429,4,11,.364,.472,2,2,1.000,0,2,2,3,0,0,1,2,19
272,Sean Kilpatrick\kilpase01,SG,28,CHI,7,0,158,36,84,.429,15,39,.385,21,45,.467,.518,22,26,.846,3,17,20,8,4,2,8,6,109
273,Maxi Kleber\klebima01,PF,26,DAL,71,36,1191,147,302,.487,38,124,.306,109,178,.612,.550,44,59,.746,71,161,232,50,26,46,30,114,376
274,Furkan Korkmaz\korkmfu01,SG,20,PHI,13,0,72,8,26,.308,5,16,.313,3,10,.300,.404,2,4,.500,2,9,11,3,2,1,2,9,23
275,Luke Kornet\kornelu01,PF,22,NYK,18,1,279,38,105,.362,23,70,.329,15,35,.429,.471,6,7,.857,11,48,59,23,5,13,8,21,105
276,Kyle Korver\korveky01,SG,36,CLE,72,3,1557,221,480,.460,164,373,.440,57,107,.533,.631,64,72,.889,9,151,160,85,30,27,53,127,670
277,Kosta Koufos\koufoko01,C,28,SAC,71,13,1391,222,389,.571,0,0,,222,389,.571,.571,33,74,.446,149,323,472,87,47,32,49,146,477
278,Kyle Kuzma\kuzmaky01,PF,22,LAL,77,37,2401,468,1039,.450,159,434,.366,309,605,.511,.527,147,208,.707,88,395,483,141,49,34,140,160,1242
279,Mindaugas Kuzminskas\kuzmimi01,SF,28,NYK,1,0,2,0,2,.000,0,0,,0,2,.000,.000,0,0,,0,0,0,0,0,0,0,0,0
280,Skal Labissiere\labissk01,PF,21,SAC,60,28,1240,205,458,.448,18,51,.353,187,407,.459,.467,95,118,.805,99,189,288,72,25,49,73,132,523
281,Jeremy Lamb\lambje01,SG,25,CHO,79,18,1943,378,826,.458,94,253,.372,284,573,.496,.515,179,208,.861,49,272,321,182,60,32,92,138,1029
282,Shane Larkin\larkish01,PG,25,BOS,52,1,728,78,204,.382,29,81,.358,49,123,.398,.453,32,37,.865,13,67,80,89,26,3,33,55,217
283,Joffrey Lauvergne\lauvejo01,C,26,SAS,53,1,523,97,186,.522,0,5,.000,97,181,.536,.522,29,45,.644,62,107,169,38,9,3,33,45,223
284,Zach LaVine\lavinza01,SG,22,CHI,24,24,656,136,355,.383,42,123,.341,94,232,.405,.442,87,107,.813,9,85,94,72,24,4,43,55,401
285,Jake Layman\laymaja01,SF,23,POR,34,1,159,14,47,.298,4,20,.200,10,27,.370,.340,2,3,.667,4,12,16,11,6,4,5,13,34
286,T.J. Leaf\leaftj01,PF,20,IND,52,0,438,58,124,.468,18,39,.462,40,85,.471,.540,9,14,.643,27,52,79,8,5,4,10,44,143
287,Courtney Lee\leeco01,SG,32,NYK,75,69,2283,336,743,.452,110,272,.404,226,471,.480,.526,114,124,.919,29,189,218,179,80,16,83,107,896
288,Damion Lee\leeda03,SG,25,ATL,14,10,375,59,141,.418,15,56,.268,44,85,.518,.472,21,27,.778,11,57,68,29,18,1,14,21,154
289,Walt Lemon Jr.\lemonwa01,PG,25,NOP,5,0,35,7,16,.438,1,1,1.000,6,15,.400,.469,2,3,.667,0,2,2,5,0,1,4,5,17
290,Alex Len\lenal01,C,24,PHO,68,12,1369,206,368,.560,1,3,.333,205,365,.562,.561,156,227,.687,174,339,513,76,27,60,76,156,569
291,Kawhi Leonard\leonaka01,SF,26,SAS,9,9,210,52,111,.468,11,35,.314,41,76,.539,.518,31,38,.816,6,36,42,21,18,9,16,9,146
292,Meyers Leonard\leoname01,C,25,POR,32,2,253,46,78,.590,11,26,.423,35,52,.673,.660,9,11,.818,12,58,70,17,7,0,10,36,112
293,Jon Leuer\leuerjo01,PF,28,DET,8,0,136,15,36,.417,0,3,.000,15,33,.455,.417,13,15,.867,7,25,32,5,1,3,7,16,43
294,Caris LeVert\leverca01,SF,23,BRK,70,9,1835,316,722,.438,84,241,.349,232,481,.482,.496,131,185,.708,53,205,258,294,79,22,150,159,847
295,DeAndre Liggins\liggide01,SG,29,TOT,56,4,718,40,104,.385,19,53,.358,21,51,.412,.476,2,5,.400,7,68,75,47,37,14,20,79,101
295,DeAndre Liggins\liggide01,SG,29,MIL,31,1,480,22,65,.338,11,36,.306,11,29,.379,.423,2,5,.400,5,44,49,27,27,10,13,61,57
295,DeAndre Liggins\liggide01,SG,29,NOP,25,3,238,18,39,.462,8,17,.471,10,22,.455,.564,0,0,,2,24,26,20,10,4,7,18,44
296,Damian Lillard\lillada01,PG,27,POR,71,71,2593,600,1368,.439,221,609,.363,379,759,.499,.519,480,521,.921,61,259,320,468,75,27,203,114,1901
297,Jeremy Lin\linje01,PG,29,BRK,1,1,25,5,12,.417,1,2,.500,4,10,.400,.458,7,7,1.000,0,0,0,4,0,0,3,3,18
298,Shaun Livingston\livinsh01,PG,32,GSW,70,7,1114,171,338,.506,0,4,.000,171,334,.512,.506,50,61,.820,32,97,129,136,35,21,58,116,392
299,Kevon Looney\looneke01,C,21,GSW,65,4,889,106,184,.576,1,5,.200,105,179,.587,.579,42,76,.553,80,130,210,42,32,56,30,102,255
300,Brook Lopez\lopezbr01,C,29,LAL,72,70,1702,360,775,.465,108,315,.343,252,460,.548,.534,107,154,.695,74,214,288,125,30,97,96,194,935
301,Robin Lopez\lopezro01,C,29,CHI,64,64,1690,342,645,.530,4,14,.286,338,631,.536,.533,68,90,.756,134,156,290,124,14,53,107,109,756
302,Kevin Love\loveke01,C,29,CLE,58,58,1620,325,712,.456,131,317,.413,194,395,.491,.548,230,261,.881,99,442,541,102,41,24,89,119,1011
303,Kyle Lowry\lowryky01,PG,31,TOR,76,76,2446,389,916,.425,230,579,.397,159,337,.472,.550,220,257,.856,65,353,418,519,85,18,180,188,1228
304,Timothe Luwawu-Cabarrot\luwawti01,SF,22,PHI,52,7,807,100,267,.375,53,158,.335,47,109,.431,.474,46,58,.793,14,58,72,54,12,5,38,97,299
305,Tyler Lydon\lydonty01,PF,21,DEN,1,0,2,0,0,,0,0,,0,0,,,0,0,,0,0,0,0,0,0,0,0,0
306,Trey Lyles\lylestr01,PF,22,DEN,72,2,1387,270,550,.491,83,218,.381,187,332,.563,.566,101,145,.697,55,291,346,91,30,34,60,111,724
307,Shelvin Mack\macksh01,PG,27,ORL,67,3,1326,175,400,.438,47,133,.353,128,267,.479,.496,67,94,.713,23,140,163,267,52,8,87,88,464
308,Josh Magette\magetjo01,PG,28,ATL,18,0,216,15,46,.326,8,22,.364,7,24,.292,.413,8,8,1.000,2,17,19,57,8,1,9,16,46
309,Ian Mahinmi\mahinia01,C,31,WAS,75,0,1107,136,240,.567,0,2,.000,136,238,.571,.567,88,124,.710,132,167,299,53,38,42,97,225,360
310,Thon Maker\makerth01,C,20,MIL,72,12,1223,129,313,.412,31,103,.301,98,210,.467,.462,64,92,.696,75,149,224,46,38,53,43,160,353
311,Boban Marjanovic\marjabo01,C,29,TOT,37,1,311,69,133,.519,0,0,,69,133,.519,.519,73,89,.820,40,85,125,22,10,11,33,49,211
311,Boban Marjanovic\marjabo01,C,29,DET,19,1,171,41,79,.519,0,0,,41,79,.519,.519,36,45,.800,15,42,57,14,4,6,22,28,118
311,Boban Marjanovic\marjabo01,C,29,LAC,18,0,140,28,54,.519,0,0,,28,54,.519,.519,37,44,.841,25,43,68,8,6,5,11,21,93
312,Lauri Markkanen\markkla01,PF,20,CHI,66,66,1973,364,835,.436,140,389,.360,224,446,.502,.520,135,159,.849,75,419,494,76,35,39,82,102,1003
313,Jarell Martin\martija01,PF,23,MEM,73,36,1661,221,496,.446,34,98,.347,187,398,.470,.480,89,116,.767,97,221,318,73,39,49,86,211,565
314,Frank Mason\masonfr01,PG,23,SAC,52,2,984,144,380,.379,31,86,.360,113,294,.384,.420,94,115,.817,30,100,130,147,34,10,65,72,413
315,Mangok Mathiang\mathima01,C,25,CHO,4,0,20,4,7,.571,0,0,,4,7,.571,.571,0,1,.000,3,7,10,0,1,0,0,5,8
316,Wesley Matthews\matthwe02,SF,31,DAL,63,62,2131,283,697,.406,153,402,.381,130,295,.441,.516,83,101,.822,28,170,198,172,76,16,83,140,802
317,Luc Mbah a Moute\mbahalu01,PF,31,HOU,60,15,1556,165,341,.484,63,172,.366,102,169,.604,.576,65,95,.684,22,162,184,55,71,25,69,99,458
318,James Michael McAdoo\mcadoja01,PF,25,PHI,3,0,18,2,7,.286,2,7,.286,0,0,,.429,2,2,1.000,0,2,2,0,0,1,1,1,8
319,Patrick McCaw\mccawpa01,SG,22,GSW,57,10,961,92,225,.409,19,80,.238,73,145,.503,.451,26,34,.765,16,66,82,81,43,10,41,67,229
320,C.J. McCollum\mccolcj01,SG,26,POR,79,79,2850,654,1469,.445,185,467,.396,469,1002,.468,.508,204,244,.836,48,262,310,266,74,35,148,163,1697
321,T.J. McConnell\mccontj01,PG,25,PHI,74,1,1659,203,407,.499,25,60,.417,178,347,.513,.529,31,39,.795,35,183,218,293,88,12,111,120,462
322,Erik McCree\mccreer01,SF,24,UTA,4,0,8,0,2,.000,0,1,.000,0,1,.000,.000,0,0,,0,1,1,0,1,0,1,0,0
323,Chris McCullough\mcculch01,PF,22,WAS,19,0,90,18,42,.429,1,8,.125,17,34,.500,.440,9,14,.643,7,18,25,4,0,5,2,8,46
324,Doug McDermott\mcderdo01,SF,26,TOT,81,4,1768,237,508,.467,92,216,.426,145,292,.497,.557,64,81,.790,40,160,200,79,19,16,56,122,630
324,Doug McDermott\mcderdo01,SF,26,NYK,55,1,1172,151,328,.460,53,137,.387,98,191,.513,.541,40,53,.755,33,101,134,50,10,12,34,73,395
324,Doug McDermott\mcderdo01,SF,26,DAL,26,3,596,86,180,.478,39,79,.494,47,101,.465,.586,24,28,.857,7,59,66,29,9,4,22,49,235
325,JaVale McGee\mcgeeja01,C,30,GSW,64,17,604,134,216,.620,0,6,.000,134,210,.638,.620,37,51,.725,58,107,165,33,20,56,26,91,305
326,Rodney McGruder\mcgruro01,SG,26,MIA,16,1,280,35,70,.500,14,32,.438,21,38,.553,.600,4,8,.500,9,21,30,16,8,3,4,19,88
327,Trey McKinney-Jones\mckintr01,SG,27,IND,1,0,1,0,0,,0,0,,0,0,,,0,0,,0,0,0,0,0,0,0,0,0
328,Alfonzo McKinnie\mckinal01,SF,25,TOR,13,0,49,7,13,.538,3,8,.375,4,5,.800,.654,2,3,.667,0,6,6,1,1,1,3,8,19
329,Ben McLemore\mclembe01,SG,24,MEM,54,15,1017,145,350,.414,53,151,.351,92,199,.462,.490,47,58,.810,32,96,128,47,38,15,60,136,390
330,Josh McRoberts\mcrobjo01,PF,30,DAL,2,0,6,0,1,.000,0,1,.000,0,0,,.000,0,0,,0,0,0,0,0,0,0,2,0
331,Jodie Meeks\meeksjo01,SG,30,WAS,76,0,1100,151,379,.398,67,200,.335,84,179,.469,.487,100,115,.870,15,109,124,69,29,4,37,52,469
332,Salah Mejri\mejrisa01,C,31,DAL,61,1,729,88,137,.642,0,3,.000,88,134,.657,.642,38,66,.576,85,161,246,35,22,67,39,121,214
333,Jordan Mickey\mickejo01,PF,23,MIA,23,3,284,39,82,.476,2,16,.125,37,66,.561,.488,13,19,.684,18,64,82,9,6,10,18,36,93
334,Khris Middleton\middlkh01,SF,26,MIL,80,80,2929,584,1248,.468,145,402,.361,439,846,.519,.526,317,359,.883,44,377,421,320,116,20,186,264,1630
335,C.J. Miles\milescj01,SF,30,TOR,68,3,1293,221,578,.382,162,440,.368,59,138,.428,.522,81,97,.835,18,129,147,51,37,20,38,129,685
336,Darius Miller\milleda01,SF,27,NOP,80,3,1904,212,478,.444,146,354,.412,66,124,.532,.596,54,62,.871,17,142,159,110,28,16,58,156,624
337,Malcolm Miller\millema01,SF,24,TOR,15,4,126,13,28,.464,8,21,.381,5,7,.714,.607,4,4,1.000,4,11,15,3,1,2,5,10,38
338,Patty Mills\millspa02,PG,29,SAS,80,34,2050,274,664,.413,151,401,.377,123,263,.468,.526,105,118,.890,25,127,152,226,54,11,101,126,804
339,Paul Millsap\millspa01,PF,32,DEN,36,35,1072,197,417,.472,38,108,.352,159,309,.515,.518,107,154,.695,59,170,229,101,39,41,70,93,539
340,Nikola Mirotic\mirotni01,PF,26,TOT,53,12,1427,288,652,.442,129,342,.377,159,310,.513,.541,109,134,.813,56,318,374,79,41,37,59,103,814
340,Nikola Mirotic\mirotni01,PF,26,CHI,25,3,622,143,302,.474,69,161,.429,74,141,.525,.588,65,79,.823,18,141,159,39,15,13,31,45,420
340,Nikola Mirotic\mirotni01,PF,26,NOP,28,9,805,145,350,.414,60,181,.331,85,169,.503,.500,44,55,.800,38,177,215,40,26,24,28,58,394
341,Donovan Mitchell\mitchdo01,SG,21,UTA,77,69,2578,581,1327,.438,182,537,.339,399,790,.505,.506,233,289,.806,50,237,287,285,114,27,211,209,1577
342,Naz Mitrou-Long\mitrona01,SG,24,UTA,1,0,1,1,1,1.000,1,1,1.000,0,0,,1.500,0,0,,0,0,0,0,0,0,0,0,3
343,Malik Monk\monkma01,SG,19,CHO,62,0,829,147,409,.359,80,233,.343,67,176,.381,.457,30,36,.833,8,58,66,89,20,9,47,58,404
344,Greg Monroe\monrogr01,C,27,TOT,49,14,1001,210,371,.566,0,0,,210,371,.566,.566,85,114,.746,107,228,335,108,41,21,91,88,505
344,Greg Monroe\monrogr01,C,27,MIL,5,0,79,16,33,.485,0,0,,16,33,.485,.485,2,4,.500,6,19,25,5,0,0,6,7,34
344,Greg Monroe\monrogr01,C,27,PHO,20,14,465,97,155,.626,0,0,,97,155,.626,.626,31,46,.674,50,110,160,50,16,6,40,40,225
344,Greg Monroe\monrogr01,C,27,BOS,24,0,457,97,183,.530,0,0,,97,183,.530,.530,52,64,.813,51,99,150,53,25,15,45,41,246
345,Luis Montero\montelu01,SG,24,DET,2,0,8,0,1,.000,0,0,,0,1,.000,.000,0,0,,0,2,2,0,0,0,2,0,0
346,Ben Moore\moorebe01,PF,22,IND,2,0,9,0,0,,0,0,,0,0,,,0,0,,0,1,1,1,0,0,0,4,0
347,E'Twaun Moore\mooreet01,SG,28,NOP,80,78,2529,411,812,.506,125,293,.427,286,519,.551,.583,43,63,.683,56,177,233,183,77,12,101,178,990
348,Eric Moreland\moreler01,PF,26,DET,65,1,732,53,104,.510,0,0,,53,104,.510,.510,10,26,.385,75,179,254,73,25,46,40,110,116
349,Jaylen Morris\morrija01,SG,22,ATL,6,0,98,13,31,.419,2,9,.222,11,22,.500,.452,0,0,,2,14,16,7,2,1,6,2,28
350,Marcus Morris\morrima03,PF,28,BOS,53,21,1424,260,601,.433,86,230,.374,174,371,.469,.504,122,152,.803,43,243,286,71,35,12,63,100,728
351,Markieff Morris\morrima02,PF,28,WAS,71,71,1910,321,660,.486,73,195,.374,248,465,.533,.542,98,119,.824,72,325,397,138,55,38,124,210,813
352,Monte Morris\morrimo01,PG,22,DEN,3,0,25,4,6,.667,0,1,.000,4,5,.800,.667,2,2,1.000,0,2,2,7,3,0,1,1,10
353,Johnathan Motley\motlejo01,PF,22,DAL,10,3,147,31,56,.554,1,4,.250,30,52,.577,.563,12,24,.500,10,33,43,6,3,2,6,14,75
354,Timofey Mozgov\mozgoti01,C,31,BRK,30,13,350,49,89,.551,4,18,.222,45,71,.634,.573,22,29,.759,29,63,92,8,5,12,33,39,124
355,Emmanuel Mudiay\mudiaem01,PG,21,TOT,64,14,1245,204,526,.388,47,148,.318,157,378,.415,.433,98,129,.760,26,126,152,206,41,11,113,80,553
355,Emmanuel Mudiay\mudiaem01,PG,21,DEN,42,0,752,129,322,.401,38,102,.373,91,220,.414,.460,63,78,.808,16,78,94,121,21,4,72,47,359
355,Emmanuel Mudiay\mudiaem01,PG,21,NYK,22,14,493,75,204,.368,9,46,.196,66,158,.418,.390,35,51,.686,10,48,58,85,20,7,41,33,194
356,Shabazz Muhammad\muhamsh01,SF-SG,25,TOT,42,2,394,77,174,.443,6,25,.240,71,149,.477,.460,32,43,.744,22,46,68,14,9,3,6,27,192
356,Shabazz Muhammad\muhamsh01,SF,25,MIN,32,2,301,47,121,.388,4,19,.211,43,102,.422,.405,22,31,.710,15,30,45,7,5,2,5,23,120
356,Shabazz Muhammad\muhamsh01,SG,25,MIL,10,0,93,30,53,.566,2,6,.333,28,47,.596,.585,10,12,.833,7,16,23,7,4,1,1,4,72
357,Xavier Munford\munfoxa02,SG,25,MIL,6,0,21,1,6,.167,0,2,.000,1,4,.250,.167,1,2,.500,1,0,1,4,1,0,2,4,3
358,Dejounte Murray\murrade01,PG,21,SAS,79,46,1698,265,593,.447,9,34,.265,256,559,.458,.454,100,143,.699,106,343,449,228,95,29,133,150,639
359,Jamal Murray\murraja01,PG,20,DEN,79,78,2489,467,1030,.453,162,423,.383,305,607,.502,.532,224,245,.914,79,210,289,266,78,27,168,165,1320
360,Mike Muscala\muscami01,C,26,ATL,52,7,1037,140,305,.459,61,163,.374,79,142,.556,.559,55,60,.917,54,172,226,49,31,27,42,79,396
361,Abdel Nader\naderab01,SF,24,BOS,46,0,480,45,133,.338,23,62,.371,22,71,.310,.425,22,37,.595,10,53,63,24,14,9,33,44,135
362,Larry Nance\nancela02,C,25,TOT,64,26,1391,234,402,.582,2,12,.167,232,390,.595,.585,89,135,.659,157,283,440,81,87,37,50,172,559
362,Larry Nance\nancela02,C,25,LAL,42,17,922,152,253,.601,1,4,.250,151,249,.606,.603,55,87,.632,108,176,284,57,59,20,41,113,360
362,Larry Nance\nancela02,C,25,CLE,22,9,469,82,149,.550,1,8,.125,81,141,.574,.554,34,48,.708,49,107,156,24,28,17,9,59,199
363,Shabazz Napier\napiesh01,PG,26,POR,72,10,1505,218,514,.424,80,212,.377,138,302,.457,.502,114,136,.838,25,141,166,150,80,14,90,82,630
364,Jameer Nelson\nelsoja01,PG,35,TOT,50,0,1013,95,244,.389,41,124,.331,54,120,.450,.473,16,20,.800,13,91,104,179,27,4,67,81,247
364,Jameer Nelson\nelsoja01,PG,35,NOP,43,0,897,84,205,.410,40,110,.364,44,95,.463,.507,13,17,.765,11,85,96,156,23,3,56,67,221
364,Jameer Nelson\nelsoja01,PG,35,DET,7,0,116,11,39,.282,1,14,.071,10,25,.400,.295,3,3,1.000,2,6,8,23,4,1,11,14,26
365,Raul Neto\netora01,PG,25,UTA,39,0,478,67,147,.456,19,46,.413,48,101,.475,.520,26,33,.788,7,40,47,72,11,4,32,36,179
366,Georges Niang\niangge01,PF,24,UTA,8,0,22,3,9,.333,0,4,.000,3,5,.600,.333,1,2,.500,2,4,6,3,2,0,2,1,7
367,Joakim Noah\noahjo01,C,32,NYK,7,0,40,5,10,.500,0,0,,5,10,.500,.500,2,4,.500,6,8,14,4,2,2,4,5,12
368,Nerlens Noel\noelne01,C,23,DAL,30,6,472,55,105,.524,0,1,.000,55,104,.529,.524,21,28,.750,48,120,168,20,31,22,26,59,131
369,Lucas Nogueira\noguelu01,C,25,TOR,49,3,418,49,80,.613,5,19,.263,44,61,.721,.644,19,28,.679,18,69,87,22,23,43,16,49,122
370,Dirk Nowitzki\nowitdi01,C,39,DAL,77,77,1900,346,758,.456,138,337,.409,208,421,.494,.547,97,108,.898,22,416,438,120,43,45,51,146,927
371,Frank Ntilikina\ntilila01,PG,19,NYK,76,7,1628,167,468,.357,47,148,.318,120,320,.375,.407,49,68,.721,32,135,167,241,61,16,128,177,430
372,Jusuf Nurkic\nurkiju01,C,23,POR,77,77,2029,465,920,.505,0,7,.000,465,913,.509,.505,169,265,.638,180,500,680,139,62,107,178,239,1099
373,David Nwaba\nwabada01,SG,25,CHI,68,19,1586,192,396,.485,16,48,.333,176,348,.506,.505,131,200,.655,81,229,310,101,58,29,70,151,531
374,Johnny O'Bryant\obryajo01,PF,24,CHO,36,0,379,68,171,.398,14,43,.326,54,128,.422,.439,21,25,.840,29,64,93,14,9,6,15,45,171
375,Royce O'Neale\onealro01,SF,24,UTA,67,4,1108,114,274,.416,39,114,.342,75,160,.469,.487,61,76,.803,25,198,223,94,36,15,55,100,328
376,Kyle O'Quinn\oquinky01,C,27,NYK,75,8,1340,218,375,.581,3,16,.188,215,359,.599,.585,97,126,.770,118,343,461,154,35,96,99,186,536
377,Semi Ojeleye\ojelese01,PF,23,BOS,71,0,1100,60,176,.341,38,119,.319,22,57,.386,.449,25,41,.610,35,118,153,20,21,3,22,87,183
378,Emeka Okafor\okafoem01,C,35,NOP,25,19,348,47,93,.505,0,0,,47,93,.505,.505,17,21,.810,46,72,118,8,8,25,13,30,111
379,Jahlil Okafor\okafoja01,C,22,TOT,28,0,353,77,138,.558,1,4,.250,76,134,.567,.562,21,29,.724,21,64,85,12,3,18,21,51,176
379,Jahlil Okafor\okafoja01,C,22,PHI,2,0,25,4,9,.444,0,0,,4,9,.444,.444,2,4,.500,4,5,9,1,0,2,3,7,10
379,Jahlil Okafor\okafoja01,C,22,BRK,26,0,328,73,129,.566,1,4,.250,72,125,.576,.570,19,25,.760,17,59,76,11,3,16,18,44,166
380,Victor Oladipo\oladivi01,SG,25,IND,75,75,2552,640,1342,.477,161,434,.371,479,908,.528,.537,294,368,.799,47,343,390,323,177,57,219,175,1735
381,Kelly Olynyk\olynyke01,PF,26,MIA,74,22,1738,310,620,.500,104,274,.380,206,346,.595,.584,132,172,.767,86,331,417,201,61,34,143,215,856
382,Cedi Osman\osmande01,SF,22,CLE,59,11,632,83,168,.494,30,79,.380,53,89,.596,.583,24,41,.585,17,95,112,34,22,3,29,74,220
383,Kelly Oubre\oubreke01,SF,22,WAS,79,10,2175,311,772,.403,121,358,.338,190,414,.459,.481,190,232,.819,59,299,358,95,78,35,86,226,933
384,Zaza Pachulia\pachuza01,C,33,GSW,68,56,959,148,261,.567,0,1,.000,148,260,.569,.567,73,91,.802,86,229,315,107,38,17,72,121,369
385,Marcus Paige\paigema01,PG,24,CHO,4,0,25,4,13,.308,2,7,.286,2,6,.333,.385,2,2,1.000,0,4,4,3,0,0,0,0,12
386,Georgios Papagiannis\papagge01,C,20,TOT,17,0,122,18,42,.429,0,0,,18,42,.429,.429,0,0,,13,24,37,9,4,6,8,12,36
386,Georgios Papagiannis\papagge01,C,20,SAC,16,0,118,17,41,.415,0,0,,17,41,.415,.415,0,0,,12,24,36,9,2,6,8,12,34
386,Georgios Papagiannis\papagge01,C,20,POR,1,0,4,1,1,1.000,0,0,,1,1,1.000,1.000,0,0,,1,0,1,0,2,0,0,0,2
387,Jabari Parker\parkeja01,PF,22,MIL,29,2,690,144,304,.474,28,75,.373,116,229,.507,.520,34,46,.739,36,101,137,59,22,10,36,48,350
388,Tony Parker\parketo01,PG,35,SAS,53,21,1032,172,374,.460,10,35,.286,162,339,.478,.473,54,76,.711,6,86,92,190,28,1,65,51,408
389,Chandler Parsons\parsoch01,SF,29,MEM,36,8,691,108,234,.462,51,121,.421,57,113,.504,.571,17,27,.630,14,76,90,69,18,11,35,53,284
390,Patrick Patterson\pattepa01,PF,28,OKC,80,3,1247,103,261,.395,63,166,.380,40,95,.421,.515,39,45,.867,32,157,189,53,47,23,32,85,308
391,Justin Patton\pattoju01,C,20,MIN,1,0,4,1,2,.500,0,0,,1,2,.500,.500,0,0,,0,0,0,0,1,0,0,1,2
392,Brandon Paul\paulbr01,SG,26,SAS,62,2,559,51,121,.421,14,52,.269,37,69,.536,.479,21,41,.512,6,61,67,37,25,7,28,58,137
393,Chris Paul\paulch01,PG,32,HOU,57,57,1819,358,784,.457,140,372,.376,218,412,.529,.546,203,221,.919,37,273,310,451,95,14,128,138,1059
394,Adreian Payne\paynead01,PF,26,ORL,5,0,43,7,10,.700,2,3,.667,5,7,.714,.800,5,6,.833,2,7,9,0,2,0,2,6,21
395,Cameron Payne\payneca01,PG,23,CHI,23,12,524,79,196,.403,30,83,.361,49,113,.434,.480,12,16,.750,18,45,63,98,23,9,31,38,200
396,Elfrid Payton\paytoel01,PG,23,TOT,63,63,1808,329,667,.493,30,92,.326,299,575,.520,.516,109,168,.649,64,210,274,393,83,22,168,147,797
396,Elfrid Payton\paytoel01,PG,23,ORL,44,44,1257,238,458,.520,25,67,.373,213,391,.545,.547,72,114,.632,47,127,174,275,64,16,114,97,573
396,Elfrid Payton\paytoel01,PG,23,PHO,19,19,551,91,209,.435,5,25,.200,86,184,.467,.447,37,54,.685,17,83,100,118,19,6,54,50,224
397,Gary Payton\paytoga02,PG,25,TOT,21,6,183,19,53,.358,3,17,.176,16,36,.444,.387,3,9,.333,9,21,30,19,4,3,3,26,44
397,Gary Payton\paytoga02,PG,25,MIL,12,6,106,13,33,.394,2,12,.167,11,21,.524,.424,2,3,.667,4,13,17,9,3,1,3,17,30
397,Gary Payton\paytoga02,PG,25,LAL,9,0,77,6,20,.300,1,5,.200,5,15,.333,.325,1,6,.167,5,8,13,10,1,2,0,9,14
398,London Perrantes\perralo01,PG,23,CLE,13,0,33,1,6,.167,0,2,.000,1,4,.250,.167,1,3,.333,0,2,2,5,0,0,1,4,3
399,Alec Peters\peteral01,PF,22,PHO,19,0,196,16,54,.296,10,45,.222,6,9,.667,.389,4,6,.667,7,21,28,10,1,2,3,12,46
400,Marshall Plumlee\plumlma02,C,25,MIL,8,0,52,1,3,.333,0,0,,1,3,.333,.333,12,16,.750,4,13,17,2,0,1,3,10,14
401,Mason Plumlee\plumlma01,C,27,DEN,72,26,1410,217,363,.598,0,1,.000,217,362,.599,.598,79,174,.454,129,262,391,140,47,79,101,178,513
402,Miles Plumlee\plumlmi01,C,29,ATL,54,35,901,104,179,.581,0,0,,104,179,.581,.581,25,58,.431,76,149,225,45,17,30,63,77,233
403,Jakob Poeltl\poeltja01,C,22,TOR,80,0,1471,239,366,.653,1,2,.500,238,364,.654,.654,60,100,.600,157,217,374,57,36,97,83,210,539
404,Quincy Pondexter\pondequ01,SF,29,CHI,23,1,196,14,49,.286,3,22,.136,11,27,.407,.316,14,17,.824,8,19,27,9,8,2,11,24,45
405,Otto Porter\porteot01,SF,24,WAS,76,76,2413,440,877,.502,136,311,.437,304,566,.537,.579,106,128,.828,101,386,487,155,115,41,73,148,1122
406,Bobby Portis\portibo01,PF,22,CHI,71,4,1598,370,789,.469,79,218,.362,291,571,.510,.519,120,154,.779,157,326,483,121,49,21,97,129,939
407,Kristaps Porzingis\porzikr01,PF,22,NYK,48,48,1553,390,889,.439,90,228,.395,300,661,.454,.489,218,275,.793,62,254,316,57,36,115,93,141,1088
408,Dwight Powell\poweldw01,C,26,DAL,78,24,1650,252,424,.594,28,83,.337,224,341,.657,.627,131,183,.716,132,307,439,88,65,32,59,185,663
409,Norman Powell\powelno01,SG,24,TOR,68,18,1040,149,366,.407,53,180,.294,96,186,.516,.480,32,39,.821,14,104,118,86,37,15,65,110,383
410,Alex Poythress\poythal01,PF,24,IND,24,0,101,11,25,.440,4,11,.364,7,14,.500,.520,0,0,,7,10,17,2,3,1,2,16,26
411,Jacob Pullen\pulleja01,PG,28,PHI,3,0,6,1,2,.500,0,1,.000,1,1,1.000,.500,0,0,,0,0,0,0,0,0,1,0,2
412,Rodney Purvis\purviro01,SG,23,ORL,14,2,246,30,89,.337,11,45,.244,19,44,.432,.399,9,11,.818,1,20,21,15,3,3,8,22,80
413,Zhou Qi\qizh01,C,22,HOU,16,0,87,5,27,.185,2,16,.125,3,11,.273,.222,7,10,.700,5,13,18,1,2,7,7,14,19
414,Tim Quarterman\quartti01,SG,23,HOU,2,0,6,1,2,.500,0,1,.000,1,1,1.000,.500,0,0,,0,2,2,1,0,0,0,1,2
415,Ivan Rabb\rabbiv01,PF,20,MEM,34,3,455,75,132,.568,0,0,,75,132,.568,.568,25,32,.781,46,91,137,27,11,12,32,48,175
416,Julius Randle\randlju01,C,23,LAL,80,47,2156,495,889,.557,10,43,.233,485,846,.573,.562,300,420,.714,176,464,640,206,41,45,207,268,1300
417,Zach Randolph\randoza01,PF,36,SAC,59,57,1508,361,763,.473,51,147,.347,310,616,.503,.507,84,107,.785,97,300,397,127,42,10,116,119,857
418,Xavier Rathan-Mayes\rathaxa01,SG,23,MEM,5,0,118,12,42,.286,1,14,.071,11,28,.393,.298,4,9,.444,0,5,5,18,6,3,11,18,29
419,J.J. Redick\redicjj01,SG,33,PHI,69,69,2083,395,862,.458,187,451,.415,208,411,.506,.567,193,213,.906,9,165,174,205,35,6,101,122,1170
420,Davon Reed\reedda01,SG,22,PHO,20,0,231,21,73,.288,11,38,.289,10,35,.286,.363,8,12,.667,2,36,38,13,10,2,9,15,61
421,Willie Reed\reedwi02,C,27,TOT,42,5,428,81,121,.669,1,2,.500,80,119,.672,.674,32,55,.582,35,86,121,10,9,22,19,56,195
421,Willie Reed\reedwi02,C,27,LAC,39,5,419,80,120,.667,1,2,.500,79,118,.669,.671,32,55,.582,35,85,120,9,9,22,19,53,193
421,Willie Reed\reedwi02,C,27,DET,3,0,9,1,1,1.000,0,0,,1,1,1.000,1.000,0,0,,0,1,1,1,0,0,0,3,2
422,Josh Richardson\richajo01,SF,24,MIA,79,79,2621,389,860,.452,126,331,.381,263,529,.497,.526,117,138,.848,67,209,276,223,118,75,138,196,1021
423,Malachi Richardson\richama01,SG,22,TOT,26,4,324,30,90,.333,12,40,.300,18,50,.360,.400,17,22,.773,5,29,34,13,10,1,10,27,89
423,Malachi Richardson\richama01,SG,22,SAC,25,4,319,29,88,.330,12,39,.308,17,49,.347,.398,17,22,.773,5,28,33,13,10,1,10,27,87
423,Malachi Richardson\richama01,SG,22,TOR,1,0,5,1,2,.500,0,1,.000,1,1,1.000,.500,0,0,,0,1,1,0,0,0,0,0,2
424,Austin Rivers\riverau01,SG,25,LAC,60,58,2036,341,796,.428,136,356,.382,205,440,.466,.514,101,157,.643,27,117,144,236,73,16,109,151,919
425,Andre Roberson\roberan03,SG,26,OKC,39,39,1037,87,162,.537,8,36,.222,79,126,.627,.562,12,38,.316,75,110,185,46,45,35,30,89,194
426,Glenn Robinson\robingl02,SF,24,IND,22,0,297,31,74,.419,11,30,.367,20,44,.455,.493,9,11,.818,9,20,29,16,13,1,4,13,82
427,Rajon Rondo\rondora01,PG,31,NOP,63,61,1648,220,475,.463,48,146,.329,172,329,.523,.514,25,44,.568,29,225,254,510,64,10,143,114,513
428,Derrick Rose\rosede01,PG,29,TOT,23,7,386,75,174,.431,6,27,.222,69,147,.469,.448,38,44,.864,13,20,33,34,6,4,33,15,194
428,Derrick Rose\rosede01,PG,29,CLE,16,7,308,58,132,.439,6,24,.250,52,108,.481,.462,35,41,.854,10,19,29,26,3,4,28,14,157
428,Derrick Rose\rosede01,PG,29,MIN,7,0,78,17,42,.405,0,3,.000,17,39,.436,.405,3,3,1.000,3,1,4,8,3,0,5,1,37
429,Terrence Ross\rosste01,SG,26,ORL,23,20,586,73,182,.401,29,88,.330,44,94,.468,.481,26,35,.743,10,60,70,37,27,9,27,44,201
430,Terry Rozier\roziete01,PG,23,BOS,79,15,2035,314,788,.398,152,395,.385,162,393,.412,.495,112,145,.772,63,309,372,226,80,19,79,121,892
431,Ricky Rubio\rubiori01,PG,27,UTA,75,75,2211,336,805,.417,94,267,.352,242,538,.450,.476,212,246,.862,42,299,341,400,117,11,203,201,978
432,D'Angelo Russell\russeda01,PG,21,BRK,46,33,1175,264,639,.413,86,261,.330,178,378,.471,.480,97,131,.740,29,153,182,235,33,17,138,91,711
433,Domantas Sabonis\sabondo01,C,21,IND,73,19,1794,335,652,.514,13,37,.351,322,615,.524,.524,168,224,.750,162,400,562,150,40,31,137,218,851
434,JaKarr Sampson\sampsja02,SF,24,SAC,20,4,302,36,68,.529,5,9,.556,31,59,.525,.566,9,15,.600,19,48,67,9,8,21,7,42,86
435,Dario Saric\saricda01,PF,23,PHI,76,71,2281,393,871,.451,154,392,.393,239,479,.499,.540,177,204,.868,152,363,515,201,51,20,147,159,1117
436,Tomas Satoransky\satorto01,SG,26,WAS,71,29,1580,192,367,.523,45,95,.474,147,272,.540,.584,75,96,.781,66,153,219,277,50,15,80,129,504
437,Dennis Schroder\schrode01,PG,24,ATL,67,67,2078,500,1146,.436,76,262,.290,424,884,.480,.469,225,265,.849,44,164,208,417,72,6,183,147,1301
438,Mike Scott\scottmi01,PF,29,WAS,74,1,1362,266,504,.528,66,159,.415,200,345,.580,.593,48,70,.686,44,190,234,75,23,10,77,144,646
439,Thabo Sefolosha\sefolth01,SF,33,UTA,38,6,806,118,240,.492,32,84,.381,86,156,.551,.558,44,54,.815,29,132,161,33,52,12,30,59,312
440,Wayne Selden\seldewa01,SG,23,MEM,35,9,692,116,269,.431,49,122,.402,67,147,.456,.522,44,59,.746,16,40,56,66,18,5,54,59,325
441,Ramon Sessions\sessira01,PG,31,TOT,27,3,391,41,116,.353,8,26,.308,33,90,.367,.388,43,56,.768,6,32,38,75,14,2,30,29,133
441,Ramon Sessions\sessira01,PG,31,NYK,13,3,167,17,53,.321,2,11,.182,15,42,.357,.340,12,15,.800,1,17,18,27,7,1,15,14,48
441,Ramon Sessions\sessira01,PG,31,WAS,14,0,224,24,63,.381,6,15,.400,18,48,.375,.429,31,41,.756,5,15,20,48,7,1,15,15,85
442,Iman Shumpert\shumpim01,SG,27,CLE,14,6,276,22,58,.379,7,26,.269,15,32,.469,.440,11,15,.733,7,34,41,17,9,4,16,22,62
443,Pascal Siakam\siakapa01,PF,23,TOR,79,4,1627,247,488,.506,27,128,.211,220,360,.611,.534,54,87,.621,79,277,356,154,60,41,65,159,575
444,Xavier Silas\silasxa01,SG,30,BOS,2,0,7,0,3,.000,0,2,.000,0,1,.000,.000,0,0,,1,1,2,0,1,0,0,1,0
445,Ben Simmons\simmobe01,PG,21,PHI,79,79,2681,538,983,.547,0,11,.000,538,972,.553,.547,185,331,.559,142,501,643,648,138,67,268,203,1261
446,Jonathon Simmons\simmojo02,SG,28,ORL,69,50,2029,354,761,.465,69,204,.338,285,557,.512,.511,185,241,.768,61,178,239,171,58,16,146,175,962
447,Kobi Simmons\simmoko01,PG,20,MEM,30,10,582,74,170,.435,9,33,.273,65,137,.474,.462,19,19,1.000,13,35,48,62,18,5,39,54,176
448,Kyle Singler\singlky01,SF,29,OKC,12,0,59,7,21,.333,2,5,.400,5,16,.313,.381,7,13,.538,1,9,10,2,1,0,3,4,23
449,Marcus Smart\smartma01,SG,23,BOS,54,11,1614,189,515,.367,75,249,.301,114,266,.429,.440,97,133,.729,43,146,189,259,71,23,129,133,550
450,Dennis Smith\smithde03,PG,20,DAL,69,69,2049,404,1023,.395,106,339,.313,298,684,.436,.447,134,193,.694,50,210,260,358,71,18,195,152,1048
451,Ish Smith\smithis01,PG,29,DET,80,35,2012,376,785,.479,33,98,.337,343,687,.499,.500,81,116,.698,27,194,221,356,63,20,106,138,866
452,J.R. Smith\smithjr01,SG,32,CLE,78,61,2206,234,579,.404,139,371,.375,95,208,.457,.524,39,56,.696,29,198,227,137,66,11,80,159,646
453,Jason Smith\smithja02,C,31,WAS,32,2,283,45,115,.391,4,32,.125,41,83,.494,.409,19,21,.905,18,35,53,14,3,13,16,44,113
454,Josh Smith\smithjo03,PF,32,NOP,3,0,12,1,4,.250,0,0,,1,4,.250,.250,0,0,,3,1,4,0,0,0,0,3,2
455,Tony Snell\snellto01,SG,26,MIL,73,57,2002,178,408,.436,104,257,.405,74,151,.490,.564,37,46,.804,9,127,136,96,45,26,35,113,497
456,Marreese Speights\speigma01,C,30,ORL,51,3,672,138,348,.397,86,232,.371,52,116,.448,.520,40,55,.727,21,111,132,40,7,22,38,105,402
457,Nik Stauskas\stausni01,SG,24,TOT,39,0,469,53,135,.393,38,90,.422,15,45,.333,.533,17,22,.773,3,56,59,32,8,3,22,22,161
457,Nik Stauskas\stausni01,SG,24,PHI,6,0,45,1,4,.250,0,1,.000,1,3,.333,.250,2,2,1.000,0,1,1,1,4,0,4,3,4
457,Nik Stauskas\stausni01,SG,24,BRK,33,0,424,52,131,.397,38,89,.427,14,42,.333,.542,15,20,.750,3,55,58,31,4,3,18,19,157
458,Lance Stephenson\stephla01,SG,27,IND,81,6,1817,300,699,.429,66,226,.292,234,473,.495,.476,82,123,.667,61,350,411,231,44,16,131,174,748
459,David Stockton\stockda01,PG,26,UTA,3,0,9,2,3,.667,2,3,.667,0,0,,1.000,4,4,1.000,0,0,0,0,0,0,1,3,10
460,Julyan Stone\stoneju01,SG,29,CHO,22,0,151,4,10,.400,4,10,.400,0,0,,.600,1,2,.500,0,25,25,20,3,2,7,19,13
461,Caleb Swanigan\swanica01,PF,20,POR,25,3,183,23,58,.397,1,8,.125,22,50,.440,.405,12,18,.667,15,35,50,14,5,3,17,36,59
462,Jayson Tatum\tatumja01,SF,19,BOS,79,79,2412,394,824,.478,103,239,.431,291,585,.497,.541,209,253,.826,50,349,399,126,79,58,112,169,1100
463,Isaiah Taylor\taylois01,PG,23,ATL,66,9,1139,158,375,.421,20,79,.253,138,296,.466,.448,99,141,.702,22,69,91,202,33,10,81,113,435
464,Jeff Teague\teaguje01,PG,29,MIN,68,68,2235,339,762,.445,80,219,.365,259,543,.477,.497,195,232,.841,23,181,204,477,98,21,171,167,953
465,Marquis Teague\teaguma01,PG,24,MEM,3,0,74,4,16,.250,1,4,.250,3,12,.250,.281,2,5,.400,1,5,6,13,4,0,3,5,11
466,Mirza Teletovic\teletmi01,PF,32,MIL,10,0,159,25,57,.439,21,45,.467,4,12,.333,.623,0,0,,3,20,23,10,4,1,7,14,71
467,Garrett Temple\templga01,SG,31,SAC,65,35,1615,199,476,.418,89,227,.392,110,249,.442,.512,60,78,.769,22,130,152,124,57,27,79,135,547
468,Milos Teodosic\teodomi01,PG,30,LAC,45,36,1134,151,360,.419,88,232,.379,63,128,.492,.542,39,46,.848,16,110,126,209,23,5,97,103,429
469,Jason Terry\terryja01,SG,40,MIL,49,4,797,58,151,.384,40,113,.354,18,38,.474,.517,8,9,.889,5,43,48,58,41,12,24,52,164
470,Daniel Theis\theisda01,C,25,BOS,63,3,936,126,233,.541,18,58,.310,108,175,.617,.579,61,81,.753,90,184,274,56,30,48,56,157,331
471,Isaiah Thomas\thomais02,PG,28,TOT,32,15,862,157,421,.373,55,188,.293,102,233,.438,.438,117,131,.893,17,50,67,153,15,3,95,58,486
471,Isaiah Thomas\thomais02,PG,28,CLE,15,14,406,70,194,.361,22,87,.253,48,107,.449,.418,59,68,.868,7,24,31,68,9,2,41,25,221
471,Isaiah Thomas\thomais02,PG,28,LAL,17,1,456,87,227,.383,33,101,.327,54,126,.429,.456,58,63,.921,10,26,36,85,6,1,54,33,265
472,Lance Thomas\thomala01,PF,29,NYK,71,29,1311,95,254,.374,48,120,.400,47,134,.351,.469,44,53,.830,43,125,168,43,30,14,39,127,282
473,Klay Thompson\thompkl01,SG,27,GSW,72,72,2470,566,1151,.492,226,512,.441,340,639,.532,.590,80,96,.833,31,245,276,184,54,34,126,115,1438
474,Tristan Thompson\thomptr01,C,26,CLE,51,22,1033,125,220,.568,0,0,,125,220,.568,.568,42,77,.545,120,219,339,31,16,17,35,99,292
475,Sindarius Thornwell\thornsi01,SG,23,LAC,71,16,1089,88,210,.419,18,55,.327,70,155,.452,.462,56,81,.691,33,101,134,59,45,23,46,121,250
476,Anthony Tolliver\tollian01,PF,32,DET,77,12,1689,209,454,.460,152,351,.433,57,103,.553,.628,102,128,.797,48,186,234,87,32,20,57,139,672
477,Karl-Anthony Towns\townska01,C,22,MIN,80,80,2841,616,1139,.541,120,285,.421,496,854,.581,.594,341,397,.859,229,751,980,195,63,114,158,277,1693
478,P.J. Tucker\tuckepj01,PF,32,HOU,80,32,2230,169,428,.395,112,297,.377,57,131,.435,.526,43,60,.717,90,349,439,76,78,25,71,202,493
479,Evan Turner\turneev01,SF,29,POR,77,38,1968,254,562,.452,42,126,.333,212,436,.486,.489,91,107,.850,29,207,236,171,42,27,95,154,641
480,Myles Turner\turnemy01,C,21,IND,64,61,1816,305,631,.483,56,154,.364,249,477,.522,.528,160,206,.777,92,322,414,86,38,116,95,183,826
481,Ekpe Udoh\udohek01,C,30,UTA,61,3,795,58,116,.500,0,1,.000,58,115,.504,.500,42,56,.750,65,81,146,52,42,74,20,102,158
482,Tyler Ulis\ulisty01,PG,22,PHO,70,43,1630,209,541,.386,41,143,.287,168,398,.422,.424,81,98,.827,24,104,128,303,68,6,125,119,540
483,Jonas Valanciunas\valanjo01,C,25,TOR,75,75,1678,374,665,.562,29,71,.408,345,594,.581,.584,166,207,.802,180,464,644,79,29,66,112,189,943
484,Denzel Valentine\valende01,SG,24,CHI,77,37,2095,301,721,.417,143,370,.386,158,351,.450,.517,38,51,.745,48,345,393,244,65,11,99,185,783
485,Fred VanVleet\vanvlfr01,PG,23,TOR,75,0,1502,230,539,.427,107,259,.413,123,280,.439,.526,82,98,.837,25,158,183,240,68,19,72,129,649
486,Rashad Vaughn\vaughra01,SG,21,TOT,28,0,212,23,56,.411,14,37,.378,9,19,.474,.536,4,6,.667,3,18,21,13,5,3,6,15,64
486,Rashad Vaughn\vaughra01,SG,21,MIL,22,0,173,21,50,.420,13,35,.371,8,15,.533,.550,4,6,.667,2,15,17,12,4,3,4,12,59
486,Rashad Vaughn\vaughra01,SG,21,BRK,1,0,4,0,0,,0,0,,0,0,,,0,0,,0,0,0,1,0,0,0,1,0
486,Rashad Vaughn\vaughra01,SG,21,ORL,5,0,35,2,6,.333,1,2,.500,1,4,.250,.417,0,0,,1,3,4,0,1,0,2,2,5
487,Noah Vonleh\vonleno01,PF,22,TOT,54,16,875,104,234,.444,20,66,.303,84,168,.500,.487,36,58,.621,70,241,311,34,19,17,31,68,264
487,Noah Vonleh\vonleno01,PF,22,POR,33,12,476,47,96,.490,2,6,.333,45,90,.500,.500,23,31,.742,35,132,167,13,6,11,15,42,119
487,Noah Vonleh\vonleno01,PF,22,CHI,21,4,399,57,138,.413,18,60,.300,39,78,.500,.478,13,27,.481,35,109,144,21,13,6,16,26,145
488,Nikola Vucevic\vucevni01,C,27,ORL,55,55,1642,390,818,.477,64,203,.315,326,615,.530,.516,76,93,.817,99,410,509,181,55,60,106,140,920
489,Dwyane Wade\wadedw01,SG,36,TOT,65,3,1495,292,660,.442,32,108,.296,260,552,.471,.467,132,183,.721,49,201,250,224,58,46,134,122,748
489,Dwyane Wade\wadedw01,SG,36,CLE,46,3,1069,198,435,.455,23,70,.329,175,365,.479,.482,94,134,.701,39,142,181,163,42,32,92,84,513
489,Dwyane Wade\wadedw01,SG,36,MIA,19,0,426,94,225,.418,9,38,.237,85,187,.455,.438,38,49,.776,10,59,69,61,16,14,42,38,235
490,Dion Waiters\waitedi01,SG,26,MIA,30,30,918,163,410,.398,52,170,.306,111,240,.463,.461,51,69,.739,8,69,77,113,23,9,70,61,429
491,Kemba Walker\walkeke02,PG,27,CHO,79,79,2711,582,1352,.430,228,595,.383,354,757,.468,.515,363,420,.864,31,214,245,439,91,24,178,98,1755
492,John Wall\walljo01,PG,27,WAS,40,40,1373,271,651,.416,58,162,.358,213,489,.436,.461,168,232,.724,22,121,143,381,54,42,151,75,768
493,Tyrone Wallace\wallaty01,PG,23,LAC,28,18,786,103,226,.456,10,36,.278,93,190,.489,.478,61,78,.782,19,80,99,63,26,13,39,76,277
494,Taurean Waller-Prince\princta02,SF,23,ATL,81,81,2433,406,950,.427,170,439,.387,236,511,.462,.517,149,176,.847,48,337,385,208,84,42,188,167,1131
495,Derrick Walton\waltode01,PG,22,MIA,16,0,147,8,25,.320,7,17,.412,1,8,.125,.460,6,6,1.000,2,14,16,16,7,3,2,7,29
496,Jameel Warney\warneja01,PF,24,DAL,3,0,27,7,12,.583,0,0,,7,12,.583,.583,3,5,.600,4,5,9,0,0,0,1,2,17
497,T.J. Warren\warretj01,SF,24,PHO,65,65,2142,529,1063,.498,20,90,.222,509,973,.523,.507,193,255,.757,125,208,333,85,65,41,85,149,1271
498,Travis Wear\weartr01,SF,27,LAL,15,0,198,23,64,.359,16,43,.372,7,21,.333,.484,8,8,1.000,0,32,32,5,3,4,5,27,70
499,James Webb\webbja01,SF,24,BRK,9,0,108,5,21,.238,4,17,.235,1,4,.250,.333,0,0,,7,15,22,4,1,0,3,10,14
500,Briante Weber\weberbr01,PG,25,TOT,18,0,237,19,43,.442,4,11,.364,15,32,.469,.488,8,10,.800,8,27,35,22,18,5,15,28,50
500,Briante Weber\weberbr01,PG,25,HOU,13,0,118,9,22,.409,4,9,.444,5,13,.385,.500,4,4,1.000,3,15,18,13,10,3,7,18,26
500,Briante Weber\weberbr01,PG,25,MEM,5,0,119,10,21,.476,0,2,.000,10,19,.526,.476,4,6,.667,5,12,17,9,8,2,8,10,24
501,David West\westda01,C,37,GSW,72,0,985,216,374,.578,3,8,.375,213,366,.582,.582,60,79,.759,63,171,234,138,46,73,79,120,495
502,Russell Westbrook\westbru01,PG,29,OKC,78,78,2839,747,1657,.451,95,319,.298,652,1338,.487,.479,410,557,.736,146,620,766,788,144,20,370,197,1999
503,Andrew White\whitean01,SF,24,ATL,15,0,209,25,73,.342,18,49,.367,7,24,.292,.466,1,4,.250,4,30,34,6,3,1,8,12,69
504,Derrick White\whitede01,PG,23,SAS,17,0,139,16,33,.485,8,13,.615,8,20,.400,.606,14,20,.700,5,21,26,9,4,3,6,8,54
505,Okaro White\whiteok01,PF,25,MIA,6,4,80,7,16,.438,4,11,.364,3,5,.600,.563,2,3,.667,3,8,11,2,1,1,1,6,20
506,Isaiah Whitehead\whiteis01,PG,22,BRK,16,0,180,40,86,.465,7,18,.389,33,68,.485,.506,13,19,.684,4,22,26,20,8,2,24,23,100
507,Hassan Whiteside\whiteha01,C,28,MIA,52,52,1321,299,552,.542,2,2,1.000,297,550,.540,.543,128,180,.711,166,432,598,51,37,89,92,125,728
508,Andrew Wiggins\wiggian01,SF,22,MIN,80,80,2901,561,1279,.439,109,330,.330,452,949,.476,.481,196,305,.643,79,268,347,156,88,50,136,159,1427
509,Jacob Wiley\wileyja01,PF,23,BRK,5,0,33,1,4,.250,1,2,.500,0,2,.000,.375,1,2,.500,2,9,11,2,1,0,0,4,4
510,Damien Wilkins\wilkida02,SF,38,IND,19,1,152,13,39,.333,4,18,.222,9,21,.429,.385,3,4,.750,5,11,16,9,2,1,5,7,33
511,Alan Williams\willial03,PF,25,PHO,5,0,70,7,18,.389,0,0,,7,18,.389,.389,6,9,.667,3,19,22,8,5,1,7,13,20
512,C.J. Williams\willicj01,SG,27,LAC,36,16,647,78,175,.446,22,71,.310,56,104,.538,.509,13,16,.813,12,40,52,36,29,13,20,58,191
513,Derrick Williams\willide02,PF,26,LAL,2,0,9,1,4,.250,0,2,.000,1,2,.500,.250,0,0,,0,1,1,0,0,0,0,0,2
514,Lou Williams\willilo02,SG,31,LAC,79,19,2589,582,1337,.435,186,518,.359,396,819,.484,.505,432,491,.880,40,158,198,417,85,19,234,106,1782
515,Marvin Williams\willima02,PF,31,CHO,77,77,1985,253,551,.459,121,296,.409,132,255,.518,.569,102,123,.829,73,293,366,93,55,36,66,114,729
516,Matt Williams\willima05,SG,24,MIA,3,0,11,2,6,.333,1,5,.200,1,1,1.000,.417,0,0,,0,1,1,0,0,0,1,1,5
517,Troy Williams\willitr02,SF,23,TOT,21,1,307,51,109,.468,11,38,.289,40,71,.563,.518,20,30,.667,22,41,63,16,20,4,19,34,133
517,Troy Williams\willitr02,SF,23,HOU,4,0,17,2,9,.222,0,5,.000,2,4,.500,.222,1,3,.333,1,3,4,1,1,0,1,2,5
517,Troy Williams\willitr02,SF,23,NYK,17,1,290,49,100,.490,11,33,.333,38,67,.567,.545,19,27,.704,21,38,59,15,19,4,18,32,128
518,D.J. Wilson\wilsodj01,PF,21,MIL,21,0,69,8,14,.571,2,5,.400,6,9,.667,.643,1,2,.500,1,8,9,3,2,1,4,5,19
519,Jamil Wilson\wilsoja02,SF,27,LAC,15,10,274,38,81,.469,27,63,.429,11,18,.611,.636,2,4,.500,3,29,32,10,5,8,8,34,105
520,Justise Winslow\winslju01,PF,21,MIA,66,25,1609,196,466,.421,49,127,.386,147,339,.434,.473,65,98,.663,60,292,352,142,53,33,74,135,506
521,Jeff Withey\witheje01,C,27,DAL,9,0,39,6,16,.375,2,10,.200,4,6,.667,.438,1,2,.500,1,9,10,0,0,3,2,3,15
522,Nate Wolters\woltena01,PG,26,UTA,5,0,19,1,6,.167,0,0,,1,6,.167,.167,0,0,,1,1,2,1,0,0,0,1,2
523,Brandan Wright\wrighbr03,PF,30,TOT,28,1,381,59,102,.578,0,0,,59,102,.578,.578,21,33,.636,33,62,95,13,13,26,8,32,139
523,Brandan Wright\wrighbr03,PF,30,MEM,27,1,366,57,99,.576,0,0,,57,99,.576,.576,21,33,.636,32,61,93,13,13,25,8,29,135
523,Brandan Wright\wrighbr03,PF,30,HOU,1,0,15,2,3,.667,0,0,,2,3,.667,.667,0,0,,1,1,2,0,0,1,0,3,4
524,Delon Wright\wrighde01,PG,25,TOR,67,4,1388,196,419,.468,55,148,.372,141,271,.520,.533,95,115,.826,45,148,193,197,71,33,77,76,542
525,Guerschon Yabusele\yabusgu01,PF,22,BOS,32,3,207,20,51,.392,11,35,.314,9,16,.563,.500,12,19,.632,15,32,47,15,2,4,12,21,63
526,James Young\youngja01,SG,22,PHI,6,0,61,5,14,.357,3,10,.300,2,4,.500,.464,4,6,.667,0,2,2,2,0,0,1,4,17
527,Joe Young\youngjo01,PG,25,IND,52,1,536,77,178,.433,24,63,.381,53,115,.461,.500,22,29,.759,11,50,61,38,14,1,26,38,200
528,Nick Young\youngni01,SG,32,GSW,79,8,1369,200,485,.412,122,324,.377,78,161,.484,.538,53,62,.855,20,103,123,35,38,7,40,99,575
529,Thaddeus Young\youngth01,PF,29,IND,81,81,2607,421,864,.487,58,181,.320,363,683,.531,.521,55,92,.598,184,328,512,152,135,36,105,175,955
530,Cody Zeller\zelleco01,C,25,CHO,33,0,627,85,156,.545,2,3,.667,83,153,.542,.551,61,85,.718,67,110,177,31,14,21,33,81,233
531,Tyler Zeller\zellety01,C,28,TOT,64,34,1063,182,328,.555,10,28,.357,172,300,.573,.570,55,77,.714,105,186,291,46,15,34,46,123,429
531,Tyler Zeller\zellety01,C,28,BRK,42,33,703,125,229,.546,10,26,.385,115,203,.567,.568,40,60,.667,63,131,194,28,8,21,35,78,300
531,Tyler Zeller\zellety01,C,28,MIL,22,1,360,57,99,.576,0,2,.000,57,97,.588,.576,15,17,.882,42,55,97,18,7,13,11,45,129
532,Paul Zipser\zipsepa01,SF,23,CHI,54,12,824,81,234,.346,37,110,.336,44,124,.355,.425,19,26,.731,13,118,131,46,20,15,43,86,218
533,Ante Zizic\zizican01,C,21,CLE,30,2,186,41,57,.719,0,0,,41,57,.719,.719,15,20,.750,22,31,53,5,1,13,10,27,97
534,Ivica Zubac\zubaciv01,C,20,LAL,41,0,371,58,114,.509,0,0,,58,114,.509,.509,37,49,.755,42,70,112,22,6,12,23,42,153
